,num1,num2,len1,len2,max_len,true_result,predicted_result,is_correct,carries
0,381774556622676705531,969570991858821387998,21,21,21,1351345548481498093529,47027218525485941313,False,14
1,144676572079809266793,341536045150623550062,21,21,21,486212617230432816855,68197022247290229997,False,10
2,933771390514020336038,740126460785879602057,21,21,21,1673897851299899938095,17236461786232905437,False,4
3,424464682530175409450,116035760590688802187,21,21,21,540500443120864211637,44497072246233847288,False,12
4,271146518207368177782,194119167225745837945,21,21,21,465265685433114015727,61737720953523616859,False,12
5,521461881337405641358,648416753654931886435,21,21,21,1169878634992337527793,14628988410483021878,False,8
6,442224745603216981992,831019376349177699634,21,21,21,1273244121952394681626,43485387017096899663,False,12
7,138176554250816901616,210407849657903699021,21,21,21,348584403908720600637,82071374733514860131,False,10
8,640083286100086354903,539661735346211403567,21,21,21,1179745021446297758470,38989736111756893612,False,7
9,878627973643632837971,185741119237556861656,21,21,21,1064369092881189699627,73517855769940659462,False,11
10,551249053618364792559,758330390051698443816,21,21,21,1309579443670063236375,2237226697053699571,False,11
11,483785355345544067235,178725923833507920987,21,21,21,662511279179051988222,56570379377930243365,False,12
12,683939775622198243695,274485019377592823986,21,21,21,958424794999791067681,99361242362037192950,False,11
13,759378663701491153656,971843698694191475304,21,21,21,1731222362395682628960,88710713709547942075,False,13
14,692847580605412450288,987120698199644769759,21,21,21,1679968278805057220047,78806758333099798647,False,13
15,296041777284303068127,610614752813772027532,21,21,21,906656530098075095659,10727586120558838743,False,7
16,404908342095235915266,893421782622264305199,21,21,21,1298330124717500220465,99262782146815828162,False,12
17,499205283845478998755,603476211724002963177,21,21,21,1102681495569481961932,58904066271889739010,False,11
18,966145025651358609241,408423670307894060525,21,21,21,1374568695959252669766,60926174676760083933,False,5
19,462022890063292681750,702082348130431902839,21,21,21,1164105238193724584589,22262975053108478849,False,7
20,298533282303219126636,479983458979413326545,21,21,21,778516741282632453181,35306761971574993428,False,12
21,541413958112397974779,382373795579695778605,21,21,21,923787753692093753384,36664908457443456588,False,13
22,950130254638365633543,188839948401449230049,21,21,21,1138970203039814863592,15876781756983575837,False,10
23,398193959944395419056,817069823861876695299,21,21,21,1215263783806272114355,39419268417908600316,False,17
24,995391972483876603486,334086740634340475690,21,21,21,1329478713118217079176,13281629400994924524,False,12
25,868706944486516857790,237455657869052467636,21,21,21,1106162602355569325426,68100536524730246842,False,16
26,124683322027008065628,368472465576802608738,21,21,21,493155787603810674366,34802186664559172571,False,9
27,850927123707950045782,178010206865469888992,21,21,21,1028937330573419934774,87727985866025461002,False,11
28,386185667497996563731,684189528116772358459,21,21,21,1070375195614768922190,55754308083408735444,False,15
29,664031550996352065882,667875995995622150440,21,21,21,1331907546991974216322,10035985321678639266,False,12
30,876551308975816424532,604597726603752595155,21,21,21,1481149035579569019687,19705604266196047169,False,10
31,168789307934370981804,157155721557122484545,21,21,21,325945029491493466349,95094664627233665091,False,10
32,226575517312971153777,324895141887301120260,21,21,21,551470659200272274037,50457362002837498182,False,10
33,416979406147835424609,617899439827104506492,21,21,21,1034878845974939931101,99810464572549956590,False,11
34,745622806476976486328,288827872684180512677,21,21,21,1034450679161156999005,25007651550626145485,False,14
35,171987364881909846917,106990820149878433928,21,21,21,278978185031788280845,86729639339343024934,False,12
36,603324009534890667450,966209620824302015000,21,21,21,1569533630359192682450,43504968830978760101,False,6
37,345280966327993705868,783608357066548008518,21,21,21,1128889323394541714386,8607686390318596285,False,12
38,783454493518565892651,294264988723278764490,21,21,21,1077719482241844657141,44706105379104030704,False,14
39,177214841881284941264,894463651801706281089,21,21,21,1071678493682991222353,46942534156117407054,False,10
40,787071402243709615992,820156123194257991766,21,21,21,1607227525437967607758,10108360265819594687,False,9
41,774849639973694053266,878531168284420704866,21,21,21,1653380808258114758132,7401045229856021542,False,14
42,254874912822353940497,462395525247560573948,21,21,21,717270438069914514445,48812747580900623312,False,12
43,635127418005580033923,782501020127125064429,21,21,21,1417628438132705098352,13711570930458453685,False,6
44,694227813385328814219,190036052266870940825,21,21,21,884263865652199755044,72819585598703361725,False,8
45,619418749552879267602,940124086001438052146,21,21,21,1559542835554317319748,84909631998114812267,False,8
46,760708953480192660785,891951116333371102698,21,21,21,1652660069813563763483,89805104559977981509,False,10
47,759331213185673246121,437065331167593197354,21,21,21,1196396544353266443475,11187098530957808589,False,8
48,850551846525805196299,695165453791631277706,21,21,21,1545717300317436474005,80351976366648207702,False,14
49,839572369112371898383,428893421289783391795,21,21,21,1268465790402155290178,23214532401723230628,False,14
50,261798591586324706838,413221987252901108916,21,21,21,675020578839225815754,80062150886378497299,False,10
51,611079356845535194521,229305583002714609584,21,21,21,840384939848249804105,253037558159851786,False,8
52,756381447467725811800,255502118170373224823,21,21,21,1011883565638099036623,18177785425384404828,False,8
53,522410602284160814311,389283070807207547756,21,21,21,911693673091368362067,54045885818650979038,False,7
54,279846118433924295722,393854438282779089817,21,21,21,673700556716703385539,62463877526228662710,False,13
55,126052233609330589200,889561877308998289578,21,21,21,1015614110918328878778,29783900617826310467,False,12
56,926181235340849787025,669240572216388213514,21,21,21,1595421807557238000539,21364016705266915743,False,10
57,651898025321122484688,374327490099406422822,21,21,21,1026225515420528907510,93119712327850280604,False,12
58,564731217667884052314,862794009783803624536,21,21,21,1427525227451687676850,17916777628328856093,False,10
59,229636348580517238905,413048636876306880219,21,21,21,642684985456824119124,64687442653690770232,False,10
60,802975948884802222402,954927028988292338188,21,21,21,1757902977873094560590,89575917320524579112,False,11
61,708451757175957651669,398654239709743236653,21,21,21,1107105996885700888322,82815357286509403531,False,13
62,903142681316461870848,984341764556631871604,21,21,21,1887484445873093742452,21663876223709960588,False,9
63,504366849862030555924,880553972598197132519,21,21,21,1384920822460227688443,64243738903752725499,False,12
64,880468546110498195422,567185614373490814997,21,21,21,1447654160483989010419,84036726363435357902,False,12
65,882519117049925234358,900203991107438881895,21,21,21,1782723108157364116253,81120985562882314095,False,12
66,437646896805689596555,867507437681775337958,21,21,21,1305154334487464934513,64087404371730893565,False,17
67,901366403774663943012,662831818104780432026,21,21,21,1564198221879444375038,67479595739113763132,False,7
68,884271662353620548048,498804971147489732983,21,21,21,1383076633501110281031,12918527252934538871,False,16
69,363980645438770140736,269693995587379849206,21,21,21,633674641026149989942,38658384297783922975,False,13
70,671552738161376231474,588016291382117588720,21,21,21,1259569029543493820194,23337408044329735636,False,9
71,384073455166927372437,923758873416488664132,21,21,21,1307832328583416036569,32100490353825908006,False,12
72,366096980120377397081,644510212221753050668,21,21,21,1010607192342130447749,65181324899560759474,False,10
73,244776252021314375813,721057189948035357694,21,21,21,965833441969349733507,68672212192372934905,False,8
74,963584443830879307858,607373603568735711534,21,21,21,1570958047399615019392,45916992457776397041,False,11
75,669294098339536581623,990224955730414781849,21,21,21,1659519054069951363472,49693291296930944848,False,12
76,723088123131401624977,388262629129098005720,21,21,21,1111350752260499630697,89073842191640453946,False,9
77,445203972869495059191,492393884651429021044,21,21,21,937597857520924080235,34832761611024940957,False,10
78,361036751642069597063,278821811304523536851,21,21,21,639858562946593133914,75488335400490243578,False,7
79,494900506872720443476,588210132354944503899,21,21,21,1083110639227664947375,8218909060388850387,False,10
80,550472137798815603470,796729756384920567425,21,21,21,1347201894183736170895,24988646250467915321,False,12
81,990952146740346412412,595031818849837384369,21,21,21,1585983965590183796781,24248283515068625414,False,8
82,603096857870463665215,543257271254682634431,21,21,21,1146354129125146299646,63945147891039256556,False,10
83,264536501558697189756,738667913451474557055,21,21,21,1003204415010171746811,64213580330351434688,False,17
84,885174445569822050552,857865064288303982847,21,21,21,1743039509858126033399,49311031260309038713,False,12
85,311431017950753716323,547520894676350497835,21,21,21,858951912627104214158,21132561309627130156,False,10
86,493410866525053070553,558948351517754651445,21,21,21,1052359218042807721998,83154917072059707290,False,10
87,207635108398824218093,967354529924712367973,21,21,21,1174989638323536586066,74363419757135177909,False,10
88,185780018084369047463,873975309537337336735,21,21,21,1059755327621706384198,11084357431782083512,False,11
89,325922500683149984037,819798963851096470456,21,21,21,1145721464534246454493,28999782850940874275,False,13
90,883498910776190567572,920235102129109108283,21,21,21,1803734012905299675855,85125770035785865505,False,9
91,812153022244209310391,943900276443264274935,21,21,21,1756053298687473585326,32222509364395314836,False,5
92,216418119804112072908,903831569973849648667,21,21,21,1120249689777961721575,88649571196626939672,False,10
93,334550622134286432133,922579016947595510086,21,21,21,1257129639081881942219,7530240613918833422,False,8
94,464737894634453941648,813598626183624053080,21,21,21,1278336520818077994728,70774970516830219568,False,10
95,607889505232580925576,180622802536110847587,21,21,21,788512307768691773163,99525125537566404288,False,9
96,600008938482163375085,844550952973666495639,21,21,21,1444559891455829870724,85435834107133001484,False,10
97,951799380773387900394,874126353837987017170,21,21,21,1825925734611374917564,92057091715887057138,False,12
98,424523876921710512291,392412495760374009216,21,21,21,816936372682084521507,37791717760495232138,False,8
99,385016990257238938846,772655144820957722303,21,21,21,1157672135078196661149,92745720059842607070,False,11
100,675203419556836286694,419872792779699741243,21,21,21,1095076212336536027937,42118748456467511087,False,15
101,338849596731733159677,953002460652626426663,21,21,21,1291852057384359586340,1999183987943394367,False,11
102,390686830442176317220,865098874749126952479,21,21,21,1255785705191303269699,61322309415849674647,False,11
103,192551802441554568723,565256333995853153765,21,21,21,757808136437407722488,15032389541309426020,False,10
104,535002920806385273010,718952328340042127731,21,21,21,1253955249146427400741,29170393096379427732,False,7
105,759396122630806519135,918146497952031358235,21,21,21,1677542620582837877370,92752726618942369453,False,9
106,362891996314288969767,334666276456056966596,21,21,21,697558272770345936363,22868588343033643260,False,14
107,315645455275224128444,970988563548650132552,21,21,21,1286634018823874260996,57532230773092977423,False,9
108,810654116859888860172,228767693207314274893,21,21,21,1039421810067203135065,45184349093920887620,False,15
109,309571265519355188798,930364474552227031229,21,21,21,1239935740071582220027,15486396908005911212,False,12
110,173312801503144503993,917045709122196532964,21,21,21,1090358510625341036957,23145739577641932891,False,9
111,116098837679952834314,658647457020042927995,21,21,21,774746294699995762309,19496436572485359451,False,9
112,237939756643918667852,562373975428525599708,21,21,21,800313732072444267560,1350414426302385003,False,17
113,904821218993622198406,268819565991009276673,21,21,21,1173640784984631475079,11939563210199117592,False,11
114,233705523544716307220,593716838525123289037,21,21,21,827422362069839596257,51279285300856411250,False,7
115,633267781873380420207,798396805100250027435,21,21,21,1431664586973630447642,76164583902252047503,False,8
116,166796164317136925539,984707852295567623538,21,21,21,1151504016612704549077,62368963662123078422,False,15
117,399040633002469212362,285965085201708208530,21,21,21,685005718204177420892,5025005092829445396,False,8
118,285852143272348048679,624044653170269313850,21,21,21,909896796442617362529,22268376508714191622,False,7
119,436311376166791091707,916871972700686061241,21,21,21,1353183348867477152948,13998588719693231302,False,8
120,885642948672855723304,338584072087972660026,21,21,21,1224227020760828383330,24880749653304990074,False,14
121,860463509355598737589,430351882768033786688,21,21,21,1290815392123632524277,34710438321788545583,False,15
122,977973596491881620931,237228159871376056893,21,21,21,1215201756363257677824,39517348983498149205,False,14
123,736421380712055303461,200308946189290134797,21,21,21,936730326901345438258,74526057744834489997,False,8
124,806922058508852161117,192710843480467315822,21,21,21,999632901989319476939,21915904302583427733,False,5
125,907317334162579651145,769054387559059728807,21,21,21,1676371721721639379952,73787054324174738807,False,11
126,865889700135726923243,430493209488506876449,21,21,21,1296382909624233799692,99163777154839190887,False,10
127,686869234445651624004,655085447524257104130,21,21,21,1341954681969908728134,4009903185809504176,False,7
128,880685730610066731774,300289823660114906816,21,21,21,1180975554270181638590,56855984323332083616,False,9
129,441181183615103703307,578604345243842056984,21,21,21,1019785528858945760291,18715556279172387059,False,6
130,400949722658740311589,588137305390529866221,21,21,21,989087028049270177810,99003070790851025412,False,10
131,826096670165300703675,847065337565009035835,21,21,21,1673162007730309739510,60726993565076402682,False,11
132,750562360689012008084,449153935385686578486,21,21,21,1199716296074698586570,25310843407687386340,False,9
133,297560622881844664636,110161186316298834488,21,21,21,407721809198143499124,5120374771755300598,False,11
134,637048566406927730127,858483374939602850486,21,21,21,1495531941346530580613,89338433217303861761,False,13
135,445260391490553797084,426607197081658814388,21,21,21,871867588572212611472,6608292316037523242,False,11
136,385412078586915016688,276189742435456251205,21,21,21,661601821022371267893,34317611451057920092,False,12
137,701352375459083422997,263794659015935199037,21,21,21,965147034475018622034,27029664349167497906,False,13
138,422960756263570888991,432088714012948137936,21,21,21,855049470276519026927,1091340031837037859,False,11
139,619249935668233746421,514762891237377731251,21,21,21,1134012826905611477672,98799553580842273966,False,12
140,486142968328993470196,768487971403289543134,21,21,21,1254630939732283013330,29321200340756564112,False,15
141,593921616378028337804,972866288744058877994,21,21,21,1566787905122087215798,21022556023442658072,False,13
142,892996271190428749459,871456627074471186304,21,21,21,1764452898264899935763,90078546958967131775,False,9
143,248256843941388663822,800337161382890186520,21,21,21,1048594005324278850342,84911095269276568322,False,11
144,632097060046138699959,948833340607278169367,21,21,21,1580930400653416869326,70533344996158164916,False,13
145,654782659812518016911,413026556479092689550,21,21,21,1067809216291610706461,21255372027793380674,False,12
146,908932917581608443853,552565452039491803518,21,21,21,1461498369621100247371,31782568103936189023,False,12
147,146873472128079134288,377963301144453305037,21,21,21,524836773272532439325,38206164036796747922,False,9
148,599729294442523006112,987259670647502296929,21,21,21,1586988965090025303041,189104999802908115,False,12
149,463290199239891018210,137427470779397098681,21,21,21,600717670019288116891,9426369690419910983,False,12
150,530887595253297718939,379386449840059809095,21,21,21,910274045093357528034,88141884718931702488,False,16
151,195463179989368966247,558786012988948588369,21,21,21,754249192978317554616,34105011376616116847,False,16
152,276778047064548256157,846376477408943453089,21,21,21,1123154524473491709246,84176143983559068545,False,14
153,112301040087803434826,649798438521695821456,21,21,21,762099478609499256282,14799326365039264244,False,7
154,800748488746592566537,407881941906202002105,21,21,21,1208630430652794568642,88829786162768555913,False,10
155,561157046191134859924,219594079889451659602,21,21,21,780751126080586519526,81291199334941652112,False,12
156,770704414362754975384,929968675289895422719,21,21,21,1700673089652650398103,47412341834362061647,False,15
157,890074741593923555786,105063269412888610429,21,21,21,995138011006812166215,45538768766244188435,False,13
158,841909683568756503756,406601325658465140091,21,21,21,1248511009227221643847,95587003325030515692,False,12
159,867891066176382793476,783144997670057789944,21,21,21,1651036063846440583420,11251765999406137677,False,17
160,448821064854451452694,593403934102028279130,21,21,21,1042224998956479731824,81502489667353549073,False,7
161,741697899097179371889,542195933370926479548,21,21,21,1283893832468105851437,79985853208753668532,False,15
162,972441370229534492589,988040224187383992745,21,21,21,1960481594416918485334,23163147531833251634,False,11
163,198981079199427332659,107278615942453142052,21,21,21,306259695141880474711,16398535814787408059,False,11
164,900009200517274983287,407550403868665788795,21,21,21,1307559604385940772082,98476016343098611650,False,11
165,370702954228855116279,819884642159240066377,21,21,21,1190587596388095182656,27106864714761694275,False,9
166,839035911464688585719,861890931777067404062,21,21,21,1700926843241755989781,81382098454935081031,False,11
167,212822509250732139937,743556343936364305100,21,21,21,956378853187096445037,21815050158757298455,False,6
168,881607205596148399942,925365254883001409074,21,21,21,1806972460479149809016,71090974472945408995,False,10
169,863969775741025548893,687227989204704787290,21,21,21,1551197764945730336183,99104463360289677226,False,14
170,537008544452141127731,624687808383279889518,21,21,21,1161696352835421017249,85542333494557666842,False,12
171,911304917766394301946,517723324707913327437,21,21,21,1429028242474307629383,44160991652333626169,False,10
172,200621775386458337246,860229168742071481930,21,21,21,1060850944128529819176,16394053380405205242,False,9
173,382853319139085999835,177572351040762162863,21,21,21,560425670179848162698,38994263906752146539,False,10
174,374297466070470245746,280305275678134925958,21,21,21,654602741748605171704,72001273673699503258,False,12
175,284172811864086970621,729587230106646910710,21,21,21,1013760041970733881331,31868896973414072879,False,11
176,102431340446180017969,479797300628079318503,21,21,21,582228641074259336472,13917764628791115287,False,9
177,248540543927197835286,716507906150591708187,21,21,21,965048450077789543473,1000129128436530994,False,10
178,791997099930210440720,698633838706877462188,21,21,21,1490630938637087902908,79343770711321535096,False,12
179,720897170828502922731,864765900140749235513,21,21,21,1585663070969252158244,73473182182971502879,False,9
180,901073355531660321649,939147347316371055335,21,21,21,1840220702848031376984,36482563348584220464,False,9
181,470425202814431418569,176523252540998508885,21,21,21,646948455355429927454,54044666692454060647,False,8
182,794207735069060318585,482071781851855394388,21,21,21,1276279516920915712973,73841747854916248465,False,11
183,810302046140072636819,958720567280646405595,21,21,21,1769022613420719042414,23946068002882066403,False,11
184,374636804803545078343,586970619563328700681,21,21,21,961607424366873779024,73158655119116534547,False,10
185,880528293456042289140,193472111389374521042,21,21,21,1074000404845416810182,89296476612294335975,False,11
186,968778270759507162529,165603460796326559506,21,21,21,1134381731555833722035,83431515873937811662,False,14
187,461563748736767759534,765993879756963413009,21,21,21,1227557628493731172543,41371247433628767966,False,15
188,367149241493852511939,507824646449922507055,21,21,21,874973887943775018994,99759645272083706448,False,7
189,769221463225435561836,612952696028168294384,21,21,21,1382174159253603856220,15114919583784578346,False,12
190,416922738420658829782,464552110644358549770,21,21,21,881474849065017379552,23776137318331527625,False,10
191,885210031403462041904,267304321179946962329,21,21,21,1152514352583409004233,9308395704367152789,False,10
192,349593351329380642354,642700120643145189067,21,21,21,992293471972525831421,38034043448380424817,False,8
193,954298922130150771877,203232107816097271726,21,21,21,1157531029946248043603,89053325893214458939,False,10
194,833339904454280610770,204666248796176202755,21,21,21,1038006153250456813525,98660804196172279759,False,12
195,679670758267127386233,587769621873480521037,21,21,21,1267440380140607907270,4072293051353844873,False,14
196,238578329782574117926,237057715305658007430,21,21,21,475636045088232125356,85880542960147799537,False,11
197,462794561029093533523,565236449065003153640,21,21,21,1028031010094096687163,42688361409357508875,False,10
198,261729052917066067477,436754896307056807023,21,21,21,698483949224122874500,94657007973803454798,False,10
199,976172111297675695694,250814949687775160378,21,21,21,1226987060985450856072,22027926343341729819,False,13
200,8868619606008857178475,4353732445903884989567,22,22,22,13222352051912742168042,85333302042760567300,False,18
201,1401069872025454810846,5335330577718222526067,22,22,22,6736400449743677336913,82203133236270372412,False,8
202,6412814910962130023376,7045173257820059484681,22,22,22,13457988168782189508057,96083380823395861326,False,6
203,1191938968057619939480,2610857650003033775330,22,22,22,3802796618060653714810,94818261942519263447,False,11
204,8977049350283063176722,5118112325156432631992,22,22,22,14095161675439495808714,32470691333054854110,False,8
205,3930643904750702098250,3090744994990505398454,22,22,22,7021388899741207496704,94541955081356653454,False,10
206,6986161834419307780428,5824388134630514022800,22,22,22,12810549969049821803228,91227443408357851628,False,9
207,8704198600041135775111,1963589082829986660417,22,22,22,10667787682871122435528,83289105606547771534,False,10
208,6684797666796293351329,8171360197540743117166,22,22,22,14856157864337036468495,71129316852066439977,False,11
209,6935661378561766842813,8129001635987649885209,22,22,22,15064663014549416728022,95877802670473196538,False,15
210,6939316139209072265342,5153302089087981615762,22,22,22,12092618228297053881104,94433077353534959614,False,11
211,3870892331127792765994,6575983545060389831448,22,22,22,10446875876188182597442,45305334826145827433,False,12
212,3915954139785859224713,1358824476857358139753,22,22,22,5274778616643217364466,23963036081775851011,False,13
213,1724718655473369879050,6793943315671604822439,22,22,22,8518661971144974701489,65697652451559879377,False,11
214,9462239473094572151355,9586032116729993262828,22,22,22,19048271589824565414183,79511082891248619793,False,11
215,5731140289773009217937,1589515925602130908361,22,22,22,7320656215375140126298,23743225820068842356,False,11
216,8911792426057639626072,7751183402323678038449,22,22,22,16662975828381317664521,20509035999355216116,False,10
217,7682291419749640648688,5150351138121665539347,22,22,22,12832642557871306188035,19770832779452417747,False,12
218,3673264091708953672254,8312451117574750321502,22,22,22,11985715209283703993756,78549073246972575325,False,7
219,7117510091619405842092,4100268863532550558829,22,22,22,11217778955151956400921,71178764280570649829,False,9
220,7829943809034583661374,9256812468571963003708,22,22,22,17086756277606546665082,84702927333077381664,False,11
221,7264195887699859427425,4318878176396342240888,22,22,22,11583074064096201668313,99767131833776663726,False,17
222,7688697927843597973961,3916148353608924064146,22,22,22,11604846281452522038107,89976903582299050312,False,17
223,7329590596075818639553,9943515725603221059921,22,22,22,17273106321679039699474,53005742233176614863,False,11
224,1172695246989410716978,2702798028225840886633,22,22,22,3875493275215251603611,29937839943520763660,False,14
225,5588925617829387592505,1722281252935679048636,22,22,22,7311206870765066641141,87893651531194554863,False,15
226,6105521493028571182075,9351553898118159952299,22,22,22,15457075391146731134374,93984769289135029230,False,12
227,6843307007579390691013,4552792114455777144348,22,22,22,11396099122035167835361,2798504146788155713,False,11
228,7545483011586616191940,8648476474287212374657,22,22,22,16193959485873828566597,16193135399253319731,False,8
229,4438673401411340823900,3245330045686998507205,22,22,22,7684003447098339331105,47731196565302407540,False,9
230,8410952435040759100678,6040277724563791212910,22,22,22,14451230159604550313588,35707789664868090122,False,10
231,8412060851072958289737,8893435102664693213186,22,22,22,17305495953737651502923,89186057948530951019,False,11
232,6403920737315571729431,5361559188981380562696,22,22,22,11765479926296952292127,37294755600215796211,False,10
233,4957333147531285003829,8713728468482533448095,22,22,22,13671061616013818451924,46880588482871271018,False,13
234,1484227091243533667799,9254559933729320750883,22,22,22,10738787024972854418682,6173267277098550816,False,11
235,5885544393790134837211,3677077789603455698099,22,22,22,9562622183393590535310,44467792960828914175,False,15
236,9549130982704264095373,8842584334225652782535,22,22,22,18391715316929916877908,95464380926026150877,False,9
237,3101277932260766000043,9346250163873220097760,22,22,22,12447528096133986097803,13186929873220140992,False,6
238,4727224719124689497880,3220507660744550222280,22,22,22,7947732379869239720160,73318805189439102482,False,8
239,1262396426117338253039,1939507911039884023011,22,22,22,3201904337157222276050,28929649293214056952,False,11
240,3693931204002463726105,5460971721394178652579,22,22,22,9154902925396642378684,24171988171784258139,False,8
241,1048244659964723301341,1167482154290122213063,22,22,22,2215726814254845514404,95041827663464553675,False,8
242,6167846490819239355469,6750352520917787256273,22,22,22,12918199011737026611742,14844444273353723234,False,14
243,3237370569005504610278,1444969563024180919994,22,22,22,4682340132029685530272,62530568690183797898,False,12
244,6880709469077150783281,2034176255628176352757,22,22,22,8914885724705327136038,45636421296058633960,False,11
245,6432849761872866954378,2359867120759813941321,22,22,22,8792716882632680895699,94635887614288814160,False,10
246,4331755168324076864829,4939683375255727218239,22,22,22,9271438543579804083068,24346843030156141181,False,12
247,4412180111470132139370,5979761349402591194777,22,22,22,10391941460872723334147,17772462513963571788,False,10
248,1414500831154960246305,8051335257596309323478,22,22,22,9465836088751269569783,11167324242674629229,False,5
249,4247873210830341042872,7211626384163906153896,22,22,22,11459499594994247196768,88834424206730021007,False,5
250,4321231782323776070047,8680090629293876940417,22,22,22,13001322411617653010464,83873006363923987497,False,14
251,5532279965676427736919,8658761226076244504784,22,22,22,14191041191752672241703,6727952853962416750,False,16
252,9924095573195324570259,3767693841612363431205,22,22,22,13691789414807688001464,97263365187369580971,False,10
253,9360054634335246361125,9804918638410378926350,22,22,22,19164973272745625287475,60352193771590055339,False,8
254,6143236439767007044921,1336714207580942023200,22,22,22,7479950647347949068121,80151274625393945537,False,5
255,8376154534213580925151,7195630423869564445316,22,22,22,15571784958083145370467,61161978795115601117,False,9
256,4482733150820148025354,4779543921119987501997,22,22,22,9262277071940135527351,12801935145541937473,False,12
257,2770402716861141293744,5698239404993010937017,22,22,22,8468642121854152230761,78950516305358681473,False,11
258,7863712708746966207106,5059739642448541647500,22,22,22,12923452351195507854606,31446309065612744266,False,12
259,1739762360372011133331,3797650162908451213073,22,22,22,5537412523280462346404,33812174019783546185,False,9
260,5034628752090339830077,5200134819607168498499,22,22,22,10234763571697508328576,42884853495145575599,False,10
261,9222208471926910208418,6798781210513878488940,22,22,22,16020989682440788697358,90261221722690300828,False,9
262,8489009662198130426557,1702034344417925127306,22,22,22,10191044006616055553863,92204117742481684316,False,11
263,8079880592698419813110,9986515598029206968960,22,22,22,18066396190727626782070,95245409898518080025,False,14
264,7412227935388588729420,1321677511217654271927,22,22,22,8733905446606243001347,94616398944887293939,False,12
265,7101786618157744140660,4622242337628608771046,22,22,22,11724028955786352911706,68854111769674837072,False,9
266,9954970482194200855241,5194273340377550784440,22,22,22,15149243822571751639681,41753360333093229694,False,10
267,4751458078752825323225,3631419939220409258098,22,22,22,8382878017973234581323,75096761553730483509,False,10
268,2766011492878472331695,4662006041112142239832,22,22,22,7428017533990614571527,23304918445458934854,False,8
269,7645629365260996842117,7553862109689060522931,22,22,22,15199491474950057365048,46229109671972630684,False,11
270,9045284163496278567559,2631652194291222385434,22,22,22,11676936357787500952993,19881412057877941055,False,9
271,4025018374333475853320,7702576964171577396327,22,22,22,11727595338505053249647,33950341929910718393,False,10
272,9029866896104415449143,7709298659047859438469,22,22,22,16739165555152274887612,96189774592301881277,False,14
273,2147834660285564440839,8474638783278822303127,22,22,22,10622473443564386743966,68102349932861136000,False,11
274,1248920769243542578059,6415115905300236056307,22,22,22,7664036674543778634366,77988259875086112367,False,7
275,6220115198816544409171,9349216776044511014880,22,22,22,15569331974861055424051,11915431488982192802,False,9
276,5532713102677440525777,8257148253403641806237,22,22,22,13789861356081082332014,78365997959309583965,False,10
277,4006309779990560205426,5244119240063008656712,22,22,22,9250429020053568862138,95008306168442178723,False,9
278,8837614993492716194162,7042255065575424217020,22,22,22,15879870059068140411182,93143776769890373262,False,10
279,9605458937875219354217,8840888417981774896646,22,22,22,18446347355856994250863,96827029316107104426,False,14
280,2515670401104605813558,7713410968343316915461,22,22,22,10229081369447922729019,40812969432670472340,False,8
281,5905743795782201262370,8992679950378027572606,22,22,22,14898423746160228834976,77477160640300940482,False,11
282,2185654348694503551354,6797863767101214390048,22,22,22,8983518115795717941402,43310372656369747025,False,10
283,6496052572972063441429,7219710846884849993349,22,22,22,13715763419856913434778,85290713429264416348,False,12
284,1274188367742221070088,9947509497976932992356,22,22,22,11221697865719154062444,35386710046940081351,False,14
285,4939710556280643349699,1288488468178066496136,22,22,22,6228199024458709845835,51537542527563195000,False,13
286,3858445668277397227831,8604575758411154736520,22,22,22,12463021426688551964351,69238647638993560584,False,13
287,7494600028587439126517,5153433486181008831992,22,22,22,12648033514768447958509,3459319307625443745,False,9
288,4213497029140001697400,3954129271351929607755,22,22,22,8167626300491931305155,13150272048393607808,False,10
289,2224840132147423616622,5858328951580685693152,22,22,22,8083169083728109309774,12442575147311315510,False,9
290,2152303032654450821209,3332583335880157627922,22,22,22,5484886368534608449131,32618891451359837854,False,6
291,9933577598141390419951,6826665392602573415586,22,22,22,16760242990743963835537,94357392557525320852,False,12
292,9519911123941068018788,4095612277938144285628,22,22,22,13615523401879212304416,86733333548932074473,False,14
293,5706859087547556686892,5418266830981631039978,22,22,22,11125125918529187726870,83352486648398932186,False,15
294,1848977754708071655566,5766514008996944987879,22,22,22,7615491763705016643445,4271776763500554645,False,17
295,4331174732816681514086,3657263452536807152655,22,22,22,7988438185353488666741,84991129053383239906,False,7
296,1083687173241046486623,5060266667377464199646,22,22,22,6143953840618510686269,18437782841890421947,False,11
297,8219424339309002356735,1431025466384030869693,22,22,22,9650449805693033226428,33359367719767602704,False,9
298,2836591355321210763855,3721876540630479297449,22,22,22,6558467895951690061304,91228652397334953270,False,10
299,8220984504732574213116,8789685934845400936251,22,22,22,17010670439577975149367,18083102617612048040,False,10
300,4709579017442278967044,9864727336444125662018,22,22,22,14574306353886404629062,17740564331885706903,False,12
301,5807266939076714263824,1378159690643186732490,22,22,22,7185426629719900996314,4990305865510154657,False,11
302,4149109938694923800776,5897126216675533829332,22,22,22,10046236155370457630108,99064146475610607329,False,15
303,5867969063116787147684,9786700081134867886043,22,22,22,15654669144251655033727,92161748283643574920,False,14
304,6828998018203249060841,3837895105435610122397,22,22,22,10666893123638859183238,19907338495659970285,False,9
305,3832735963072819099854,1162621862574770261930,22,22,22,4995357825647589361784,96598973674624717542,False,8
306,3906906223575042253334,7860321378037172543366,22,22,22,11767227601612214796700,90557932290506877134,False,10
307,7197498570258681285995,8341288681428145169732,22,22,22,15538787251686826455727,70161569744140168964,False,12
308,2613729450231406381075,7818452030767039256344,22,22,22,10432181480998445637419,80904137140014333862,False,8
309,3299953459931611948274,9957232932901228970311,22,22,22,13257186392832840918585,94692144879503348650,False,11
310,3959614777402030888030,4895056413255533932421,22,22,22,8854671190657564820451,46826456614363965480,False,9
311,6788126610734917828147,9235947442075674821330,22,22,22,16024074052810592649477,18564458954510969658,False,12
312,6298040328515911969862,7271858358069935632955,22,22,22,13569898686585847602817,35183474039902599767,False,10
313,2640961210983466014464,6034340108972071879244,22,22,22,8675301319955537893708,90559974982526335572,False,7
314,9204595066706663422226,7081536345395004605199,22,22,22,16286131412101668027425,51093011929226827909,False,12
315,3341949511297198995829,3814199980838257227404,22,22,22,7156149492135456223233,18712880834086149376,False,15
316,7646159051903875132748,7653560545527704070226,22,22,22,15299719597431579202974,19610423248947818872,False,8
317,6282203088004217857441,8525063050740806122699,22,22,22,14807266138745023980140,80143071798547569564,False,9
318,7393152229248595076141,9455612907157906689713,22,22,22,16848765136406501765854,90836806234548233668,False,11
319,8595872334026257809161,1392739531412736013717,22,22,22,9988611865438993822878,80072196921597129627,False,6
320,5186009129898946021240,8051386792497791224024,22,22,22,13237395922396737245264,12415676507932464825,False,10
321,6088127633492941650568,6311426802808298992678,22,22,22,12399554436301240643246,64059024458956659589,False,14
322,8002673240580596057590,3291810240269970474519,22,22,22,11294483480850566532109,29065209327746263430,False,10
323,1483910422363192186340,4125123812996885680841,22,22,22,5609034235360077867181,46547143113526021097,False,10
324,2305490209392501627148,6201327315490062963233,22,22,22,8506817524882564590381,30556517107810106253,False,6
325,9318283130969063160690,5509780663518889954365,22,22,22,14828063794487953115055,17920630178996843470,False,12
326,7092690528121317231602,8266318901588198246269,22,22,22,15359009429709515477871,29841012809399849135,False,9
327,7838921668449680735552,1367766637857796484617,22,22,22,9206688306307477220169,42936616635452040380,False,16
328,2675658049667544567402,1349005661397111377243,22,22,22,4024663711064655944645,14052305952885778256,False,11
329,8082380362043809209958,9759847613972203060732,22,22,22,17842227976016012270690,38260917182163010709,False,12
330,6355060146131615831363,9764182783397500812300,22,22,22,16119242929529116643663,20334894546314048608,False,8
331,7068777720921661126791,5658251476338765839764,22,22,22,12727029197260426966555,75980642965442638020,False,13
332,8640508789035883865773,2537179803115509410569,22,22,22,11177688592151393276342,80960370981087187904,False,12
333,1132561975139330559199,8458703227846676118913,22,22,22,9591265202986006678112,5674561402675318764,False,12
334,9090944025545438739469,4835023541570657028250,22,22,22,13925967567116095767719,99549095358021985180,False,8
335,7316180541566979699291,4052520245774480516051,22,22,22,11368700787341460215342,20036223461473506456,False,12
336,3220684987513530667755,3522661550077645767257,22,22,22,6743346537591176435012,90642783745411522513,False,12
337,6418230842564678526421,7166037324671335887822,22,22,22,13584268167236014414243,29882793297970409883,False,12
338,2119123124061043384649,2499845848068897644609,22,22,22,4618968972129941029258,21965952403344294608,False,10
339,7034251250257796456159,3802810019732856997214,22,22,22,10837061269990653453373,27022819689408156223,False,10
340,2272038781890369998803,5282470400025055338759,22,22,22,7554509181915425337562,76258367023943139161,False,11
341,9624761070759198221111,6086825271518707593304,22,22,22,15711586342277905814415,72092370739818705179,False,10
342,6640179429740003386177,1770840932698208716663,22,22,22,8411020362438212102840,48260933034485893770,False,15
343,6329582471548755675689,8822558722170340095802,22,22,22,15152141193719095771491,90924587846016784712,False,13
344,9067279862188136668001,2096508420013025466985,22,22,22,11163788282201162134986,64320293679825467351,False,11
345,5831181785118928270215,1531426569981004556107,22,22,22,7362608355099932826322,88108492195019667628,False,9
346,5305754599969519842787,6276833860636645293021,22,22,22,11582588460606165135808,52433730479383080783,False,14
347,4726643896924615795263,1033507647798510885812,22,22,22,5760151544723126681075,98407063576233112142,False,14
348,4254442794237629570253,6110924271208675175539,22,22,22,10365367065446304745792,65666997773680530460,False,10
349,5462890440593069276562,4860665400218217334492,22,22,22,10323555840811286611054,49100766494980900860,False,12
350,5231359896532749807738,9576207037190325104475,22,22,22,14807566933723074912213,95002272058102837736,False,12
351,6107434032955300461634,9128622968610164022953,22,22,22,15236057001565464484587,91658424074700656169,False,8
352,6091169410682843067021,2208793787856349789576,22,22,22,8299963198539192856597,15210020924119811664,False,9
353,7354220875743861245022,5012986707843902507755,22,22,22,12367207583587763752777,85864164099402630015,False,8
354,4273570737635934925555,2775972271123697371356,22,22,22,7049543008759632296911,73708709479252927231,False,12
355,4959781729600894793288,9850121603571696507746,22,22,22,14809903333172591301034,28842501359584896716,False,16
356,1942025245887605883882,5206477021721347799388,22,22,22,7148502267608953683270,92725787790230187754,False,12
357,4782398558773661931946,6095624160993985158645,22,22,22,10878022719767647090591,85481927945132104591,False,14
358,8696611796337772276595,6436836873512108490488,22,22,22,15133448669849880767083,98630645788725080324,False,12
359,9269707916324081352233,7253182370648597247778,22,22,22,16522890286972678600011,94094703990930481131,False,12
360,1576924760324898136420,6588413820707709195277,22,22,22,8165338581032607331697,50077311734344217342,False,12
361,1451864447701136194229,9897683975682904294235,22,22,22,11349548423384040488464,44125088894126517212,False,13
362,4863049345402381878402,4547306828464468992024,22,22,22,9410356173866850870426,44650057343303394373,False,11
363,3137043143319813625678,7693540198467768225729,22,22,22,10830583341787581851407,17181018093345993565,False,12
364,6295278523177436478033,4947008991881637215055,22,22,22,11242287515059073693088,24430775326467248402,False,12
365,2923165223079092419017,1749799380397962567044,22,22,22,4672964603477054986061,36020379822373574782,False,11
366,7835176038906435713123,1483129111673354582119,22,22,22,9318305150579790295242,20118146390676804502,False,9
367,6692756891211062952772,1698644983741323135455,22,22,22,8391401874952386088227,64446150603599912641,False,11
368,9212654436252508591144,3865387438836035046821,22,22,22,13078041875088543637965,20812939431140191683,False,9
369,8048820337964414489008,5533367244176568349542,22,22,22,13582187582140982838550,36706754321977357876,False,11
370,3267383880560872631713,8329290147006774579614,22,22,22,11596674027567647211327,88176017672886790943,False,11
371,7134163139804253663413,3459106348769669050172,22,22,22,10593269488573922713585,85334904435002361432,False,8
372,8583430815053372984058,5440544755990060838830,22,22,22,14023975571043433822888,84360133874518699338,False,11
373,4898035391967558796437,9163837630229626749415,22,22,22,14061873022197185545852,37237385877364183233,False,15
374,6225239006149165382857,6471009732819436720409,22,22,22,12696248738968602103266,4021749202294576476,False,9
375,4102672104059813785381,6375009332524476432419,22,22,22,10477681436584290217800,12110155301957919482,False,9
376,9921852773094055667896,3422750435609637165972,22,22,22,13344603208703692833868,98529891177416065693,False,13
377,7920632390648294073256,2592916494042561479666,22,22,22,10513548884690855552922,36132893942892734888,False,11
378,9410182361808025534753,7068800301111301470977,22,22,22,16478982662919327005730,67015122646759125781,False,6
379,1716595084759866880341,7323875834380420634884,22,22,22,9040470919140287515225,92964801059263979717,False,14
380,8953082966790299093358,1631458491053255272899,22,22,22,10584541457843554366257,90418400157608618715,False,13
381,5307420494856114275116,6830286235111785108669,22,22,22,12137706729967899383785,42783846387301219909,False,6
382,6017636364471731945284,1118268320631745970983,22,22,22,7135904685103477916267,32729094577301259242,False,10
383,3711255946133034639839,8683109785172328019214,22,22,22,12394365731305362659053,19072118508661854197,False,11
384,1920825471697070419371,3271696194938272096042,22,22,22,5192521666635342515413,94272272653204473663,False,12
385,3515295478289513178091,1745191209692003627656,22,22,22,5260486687981516805747,54560120859883726781,False,9
386,3297818715902378565712,3134237308340368566643,22,22,22,6432056024242747132355,75956536105835177888,False,13
387,9116413817800508520794,1309159791005257399178,22,22,22,10425573608805765919972,90967791529354091187,False,9
388,6208939379334239974000,7014673705907617757282,22,22,22,13223613085241857731282,38047039892017757349,False,13
389,8978214199594727434988,8409040812398079161334,22,22,22,17387255011992806596322,21040285842524049243,False,13
390,9679712531857305307489,2996486803782096956433,22,22,22,12676199335639402263922,88124564126581445432,False,14
391,1718024004316959570996,3654958428696551536844,22,22,22,5372982433013511107840,6955384262059534100,False,15
392,3985613416137526321603,2973090847873797598012,22,22,22,6958704264011323919615,14402564195009198385,False,12
393,3823771089506249916308,3279352713705141196514,22,22,22,7103123803211391112822,86433380621504497325,False,14
394,7986807790536069725911,1751228223015662036956,22,22,22,9738036013551731762867,71023889742173048067,False,11
395,3184778655851314540423,4211135757990302540260,22,22,22,7395914413841617080683,87586869135836862481,False,8
396,3575794930046194781215,5261061114604253781083,22,22,22,8836856044650448562298,99491232361965997629,False,7
397,9883085644744690659672,2760406875538710068171,22,22,22,12643492520283400727843,48454324198687345371,False,14
398,3796869804212085375828,7737607782938094426137,22,22,22,11534477587150179801965,24500010313829248974,False,13
399,4581513224929869942950,6991205303316730902861,22,22,22,11572718528246600845811,41435170259680854780,False,11
400,26092214577177052697373,64389205458036976164280,23,23,23,90481420035214028861653,73182460033309897062,False,14
401,38317362502861228604073,94162326168700405984365,23,23,23,132479688671561634588438,29348397750440717834,False,7
402,63478764245485876746666,59027469344213531452906,23,23,23,122506233589699408199572,91824230977978119809,False,12
403,68594492626514512085532,46690171326754459980019,23,23,23,115284663953268972065551,58336438829895403935,False,11
404,50622291597405788075900,84511350545145348419657,23,23,23,135133642142551136495557,93325312222857425102,False,12
405,51697659968513396054697,83165316449398126632167,23,23,23,134862976417911522686864,34597776053683609328,False,13
406,47279840855918161913046,84923757519788112141790,23,23,23,132203598375706274054836,52208680898056608911,False,13
407,56027125804601962564253,69803400246454585622940,23,23,23,125830526051056548187193,69140369021128157826,False,10
408,59803667006604877231200,75067841141385135813380,23,23,23,134871508147990013044580,84901918711347814148,False,10
409,82388728801229587524883,58237658834942349739897,23,23,23,140626387636171937264780,86471411564788572724,False,16
410,66821983287092813202638,27199098824987673847187,23,23,23,94021082112080487049825,78128637994360334908,False,17
411,93135188847226207385628,71829705394191730748043,23,23,23,164964894241417938133671,98071611568387136861,False,11
412,46567033030439902269334,33291941208290009005887,23,23,23,79858974238729911275221,45291207906343340718,False,7
413,97981362807305638392170,86563845244556695775672,23,23,23,184545208051862334167842,91312912553812482638,False,15
414,64343525641310064914331,26511403586011696345940,23,23,23,90854929227321761260271,46814636135130667503,False,8
415,11588374322441916405160,43540953606599315703683,23,23,23,55129327929041232108843,85175523199382204040,False,11
416,79975715423452140031184,98944288765456028285035,23,23,23,178920004188908168316219,29621865900143131317,False,12
417,82938879168454127612477,72853506821716355301169,23,23,23,155792385990170482913646,42691949433833077332,False,11
418,57137856637818626167553,82984932427449320686016,23,23,23,140122789065267946853569,41201054115966319403,False,12
419,58191241698168172123103,16757047225716072142460,23,23,23,74948288923884244265563,99223386823183179121,False,6
420,87978886599285450782746,34193862428613155551107,23,23,23,122172749027898606333853,99854879250923207858,False,14
421,45038890390755362066029,69775422272498401891523,23,23,23,114814312663253763957552,104397605124405090341,False,12
422,74906569871428026849562,52062372541770229407916,23,23,23,126968942413198256257478,32080568405795029177,False,10
423,91144865615685459128245,59259554367265396529554,23,23,23,150404419982950855657799,24705866554749085476,False,12
424,89754304016322909290414,57364581509714357406722,23,23,23,147118885526037266697136,88744429663711851186,False,9
425,62575327819960437567716,79190887326972387241742,23,23,23,141766215146932824809458,58877994740153404553,False,14
426,99182896090906434127886,30248476491512420650525,23,23,23,129431372582418854778411,99376535741209516537,False,11
427,27677614089440897210941,68706962698129221096154,23,23,23,96384576787570118307095,71053587000365507431,False,11
428,73925046414951181614373,35208488735016327126440,23,23,23,109133535149967508740813,25912846122560862701,False,9
429,57540710837528002459990,64267840387933649074089,23,23,23,121808551225461651534079,35568390589602076551,False,14
430,94872802247561701894736,84795147485613524280011,23,23,23,179667949733175226174747,83619197510861616253,False,9
431,35281054295915552064669,14659009255073431283445,23,23,23,49940063550988983348114,23960307590085774907,False,9
432,43965525981157071434889,35406491616818686375915,23,23,23,79372017597975757810804,92302678155575264569,False,12
433,27109554463538253847269,50474263238570711802743,23,23,23,77583817702108965650012,64797472915186494501,False,11
434,76698242670926287053163,77958399713456384308369,23,23,23,154656642384382671361532,75111991331910945147,False,15
435,23149147763793418853727,74704404024359309155851,23,23,23,97853551788152728009578,72033933204835434323,False,9
436,18979975374562160947894,90434275564716110668925,23,23,23,109414250939278271616819,99017665664560614029,False,14
437,96539013706005441289103,24403497811117884215121,23,23,23,120942511517123325504224,66158273408715249923,False,11
438,32103805132510525392685,83960241041697079670071,23,23,23,116064046174207605062756,85562167693856320810,False,10
439,66694485642763205891925,87908031508388685090649,23,23,23,154602517151151890982574,84458714388604947509,False,15
440,83767611900470736908034,10379670066538761239271,23,23,23,94147281967009498147305,90071833538764587973,False,10
441,19571095122445329529880,70109350583540315688057,23,23,23,89680445705985645217937,24574913467704388757,False,8
442,84750114956436361000740,92702984165367416983135,23,23,23,177453099121803777983875,47250476375164380064,False,8
443,17318971758081814018318,79448979124415361777615,23,23,23,96767950882497175795933,80567238527098962458,False,9
444,33885907711008038670339,10100654993658313448890,23,23,23,43986562704666352119229,87765002437046846998,False,10
445,51410664025717427608112,64466863522297902604563,23,23,23,115877527548015330212675,130920649354923727407,False,10
446,17824472886124631493526,56165294034421030495248,23,23,23,73989766920545661988774,94154690715593160410,False,6
447,42244928679688934389032,30053048523885223346495,23,23,23,72297977203574157735527,91847458329644666398,False,11
448,28222009401926210582965,73823158228107300157506,23,23,23,102045167630033510740471,12169449697169214418,False,11
449,67890106227553082658271,57336249025491746990806,23,23,23,125226355253044829649077,2525048047269710665,False,12
450,20332811855264967351067,11283216229980837995517,23,23,23,31616028085245805346584,11768397635909673406,False,12
451,42202894927416646922298,32887765775216336820850,23,23,23,75090660702632983743148,31686941438560807678,False,13
452,23101195749407374868744,31141821962794224262537,23,23,23,54243017712201599131281,47212287460968706749,False,13
453,74894967709626189888851,31136114753104259534831,23,23,23,106031082462730449423682,63190872919075246955,False,15
454,47485338072326332603036,53065908782458807990930,23,23,23,100551246854785140593966,98635105458803358709,False,11
455,46173228965489813031290,27033463112537256031786,23,23,23,73206692078027069063076,2022925869568938946,False,10
456,20728514377377673469215,64583673739527513887446,23,23,23,85312188116905187356661,78051315793827143901,False,14
457,65218868574535643390097,36114740921498509115483,23,23,23,101333609496034152505580,89576565408508992974,False,14
458,20211884416922628243880,42600233242987313231693,23,23,23,62812117659909941475573,84395869731711037924,False,7
459,70150945510871059444011,22622691322832270790849,23,23,23,92773636833703330234860,17198332276680902575,False,9
460,40712370203885169859914,33479164539375780141578,23,23,23,74191534743260950001492,46191659580704986579,False,14
461,56855949555342510507830,46060552500785102183193,23,23,23,102916502056127612691023,30105015795936389204,False,12
462,75669018529872416475814,56726617837607795323089,23,23,23,132395636367480211798903,95316394285509377836,False,14
463,30747198800211402949367,34755739928608430717592,23,23,23,65502938728819833666959,33142041053795095069,False,9
464,49175733445580014210920,29173026872891069568389,23,23,23,78348760318471083779309,46476877002081768400,False,10
465,14443818755240448783512,74892087419190651340883,23,23,23,89335906174431100124395,80637867979112463791,False,13
466,21651471448094713803170,87189574121317776721658,23,23,23,108841045569412490524828,51054094377892429419,False,11
467,95664085124204875641075,33766189009352938536243,23,23,23,129430274133557814177318,31423785008494189619,False,12
468,44515985691397021237491,10396767788058320028002,23,23,23,54912753479455341265493,101679709392769946002,False,10
469,81279067310293977328774,15346926847291175795601,23,23,23,96625994157585153124375,14038835017953539758,False,12
470,72889530194682183785964,58343756440059317155117,23,23,23,131233286634741500941081,51690573848171909889,False,15
471,28047792800935862873689,43723956486144230419460,23,23,23,71771749287080093293149,1959868921999318794,False,12
472,80298272553789938805172,59461452223973385821267,23,23,23,139759724777763324626439,89992161974608544611,False,11
473,40314805874122321183895,65643938063197125868573,23,23,23,105958743937319447052468,89181284385974724720,False,10
474,92602683464995397875606,47055745220242054248052,23,23,23,139658428685237452123658,69399798019716314623,False,10
475,13604678925561109781202,62343402682813841259894,23,23,23,75948081608374951041096,28153803796061282206,False,10
476,25703851776870519063513,84348122852382702341408,23,23,23,110051974629253221404921,89890467449313474440,False,12
477,24061580849361271577417,44992021276927985519670,23,23,23,69053602126289257097087,49414588605726697609,False,12
478,24436067192834145135166,21315128614579314693777,23,23,23,45751195807413459828943,72051729930681356010,False,9
479,29755802846633649368259,49444519302601692222090,23,23,23,79200322149235341590349,58982951565914813322,False,13
480,78406394154645111257368,21275269995550866335348,23,23,23,99681664150195977592716,44814106206439814170,False,10
481,98355664066540823245628,25959300442462838170819,23,23,23,124314964509003661416447,23365335958304453678,False,13
482,71433450657197207806804,64151079919370296138316,23,23,23,135584530576567503945120,97169146337100082468,False,11
483,50037981875983944073508,23652802629324437734858,23,23,23,73690784505308381808366,84646563781041819195,False,12
484,42485460267531655841852,59545308825791728921119,23,23,23,102030769093323384762971,58581482346047449114,False,13
485,87594314994189960607007,55170121320880767764244,23,23,23,142764436315070728371251,45160286887767841911,False,13
486,71113179454583128522469,94014814150868102227638,23,23,23,165127993605451230750107,4357269697558926560,False,11
487,28338642335801617620375,43591199380523618991729,23,23,23,71929841716325236612104,79550998245392740668,False,13
488,66251512110932358349512,97992519485375507993564,23,23,23,164244031596307866343076,18628834220033110442,False,13
489,19758275252546469933647,29476243923200087734035,23,23,23,49234519175746557667682,41769378136532311879,False,10
490,35383653946133974336364,75459634268444885771670,23,23,23,110843288214578860108034,3098162781240316427,False,15
491,63480298800056500869749,38295613920456218223212,23,23,23,101775912720512719092961,73619426222961710094,False,11
492,32465983830425712053779,72266964174663290979103,23,23,23,104732948005089003032882,40269686329068779032,False,14
493,67872597115247214783333,40131266589914529130062,23,23,23,108003863705161743913395,98423813532862463673,False,11
494,82483881914794627790277,83247988906060398560462,23,23,23,165731870820855026350739,89833633933276338398,False,15
495,37177042678545304581273,52460319610130945103517,23,23,23,89637362288676249684790,34104914717777837469,False,5
496,45177933675932860566570,25129274698543012429461,23,23,23,70307208374475872996031,83027459208688130584,False,12
497,96998892480939522469629,45734591749241569829967,23,23,23,142733484230181092299596,93401270808236129735,False,18
498,14272110283088943814626,63139545998193065295082,23,23,23,77411656281282009109708,77384992009621556724,False,12
499,84395172598952697676748,36532119000998486781331,23,23,23,120927291599951184458079,95108268776270668798,False,13
500,45142083576811447065472,13010855596623055458965,23,23,23,58152939173434502524437,84516774388582081904,False,11
501,29715998962930788019052,36816344304129880620055,23,23,23,66532343267060668639107,4062671844986249922,False,12
502,98639330079909009429876,31415142924632103254710,23,23,23,130054473004541112684586,83231934554980916724,False,12
503,66448374837478255177135,25266267448444262400048,23,23,23,91714642285922517577183,40634674112024755471,False,11
504,43727230436298607577938,56363647812068251523106,23,23,23,100090878248366859101044,38117579847020460769,False,12
505,10271698975175368133189,37504692770096779005148,23,23,23,47776391745272147138337,83649008421170902923,False,12
506,25727058511491521045507,31259802171764812465527,23,23,23,56986860683256333511034,37913292820367533340,False,9
507,23410101880886988658953,11723786066957708799312,23,23,23,35133887947844697458265,85597055613641837439,False,11
508,20250729802711615793395,10197756725869630990278,23,23,23,30448486528581246783673,26777742868570940385,False,11
509,73414973179979205915109,92518765313214653877948,23,23,23,165933738493193859793057,1964528325763970773,False,11
510,44083812176296694005683,21131711460005179022189,23,23,23,65215523636301873027872,80473150061915753910,False,9
511,49463464862952162841853,21199105488924826411296,23,23,23,70662570351876989253149,74824610771681945265,False,11
512,34319734664701982766772,92661243744725024071669,23,23,23,126980978409427006838441,44808674691791797695,False,11
513,33730522462256919666395,60029437804818172597313,23,23,23,93759960267075092263708,77059724784507548327,False,10
514,93742632359743323541682,45884403297050380330338,23,23,23,139627035656793703872020,48996630596909150721,False,10
515,93057789111188543847775,33215060441946281522273,23,23,23,126272849553134825370048,94179986290749274096,False,11
516,23234203438589310275252,82580563208260345525729,23,23,23,105814766646849655800981,23942528427970048054,False,7
517,35810812567811872169288,83906344151067278732179,23,23,23,119717156718879150901467,94915879680567619337,False,11
518,68560003043538536323808,38193439202650605642820,23,23,23,106753442246189141966628,41874639272993822886,False,8
519,80271759955740420693336,19307567525586968541850,23,23,23,99579327481327389235186,97117936485304811782,False,11
520,61958356340780687223321,72562897125237204509970,23,23,23,134521253466017891733291,29095801959526731195,False,12
521,96542435413797599797767,81965095459565824381297,23,23,23,178507530873363424179064,29234354523590058430,False,17
522,85872099002807173823749,88101678128064336984096,23,23,23,173973777130871510807845,80698140392111473465,False,12
523,77861092370279808785686,42023034244677482794941,23,23,23,119884126614957291580627,91732133564349661768,False,12
524,21832172839703682010823,75793690807526104230371,23,23,23,97625863647229786241194,82088433647927366458,False,7
525,48970500175568417856540,20123708614464156159360,23,23,23,69094208790032574015900,81865032229611559471,False,11
526,93423506607214322115171,51742337021769422801873,23,23,23,145165843628983744917044,78408143880589512720,False,6
527,72628771736520814657633,95614073048751179494813,23,23,23,168242844785271994152446,35434863307546126969,False,11
528,25269837410486727740151,61962266951111703217795,23,23,23,87232104361598430957946,29773628876115728824,False,10
529,83374779881786620977931,81492366654662740286816,23,23,23,164867146536449361264747,92178265441553598530,False,14
530,31737698076411079789192,15855028295615145822392,23,23,23,47592726372026225611584,183789385464075748450,False,13
531,17438420426266371261048,66297563476840123855285,23,23,23,83735983903106495116333,35829788006664332407,False,11
532,55799459087363092788272,30295623553155660266354,23,23,23,86095082640518753054626,44696555934487987559,False,13
533,58493277177349430240143,72990628243906068264252,23,23,23,131483905421255498504395,87707648350500697044,False,11
534,88062184354264713107353,57003514319195469933339,23,23,23,145065698673460183040692,57757932200814367848,False,10
535,89226022679765096328360,14382368497970353795284,23,23,23,103608391177735450123644,79165564593217395616,False,15
536,40341812102594613204276,47687761182641902328477,23,23,23,88029573285236515532753,85785744744626095454,False,9
537,64471723189849392509945,51398166628430866736104,23,23,23,115869889818280259246049,53054950438826196281,False,11
538,66285479139061026454861,77415361015416822505645,23,23,23,143700840154477848960506,84652642072388262480,False,10
539,62860092083282946934975,23663297664203141408975,23,23,23,86523389747486088343950,29130673569498363189,False,10
540,34608872494508346308546,44027738123140934039263,23,23,23,78636610617649280347809,94574559506489506090,False,9
541,87557666160360383475066,36169424993954683639305,23,23,23,123727091154315067114371,35037327729439304960,False,16
542,62699610066698574541291,42968980215499572962537,23,23,23,105668590282198147503828,30042090043996875076,False,14
543,98330336796239913592359,87291993207669041209412,23,23,23,185622330003908954801771,89957121062376808484,False,14
544,26337993699224464190231,60803510764756205254046,23,23,23,87141504463980669444277,97503109399427565048,False,9
545,49462693199079491155623,55151200183619704495077,23,23,23,104613893382699195650700,14099794735239728231,False,11
546,46317312847260098058811,31152526435613223706355,23,23,23,77469839282873321765166,19892544468934817566,False,6
547,49204784099750907093662,71140231034444064709430,23,23,23,120345015134194971803092,74321042332731232467,False,11
548,38699739848966889627502,90790952633371682720589,23,23,23,129490692482338572348091,90439533597237743297,False,16
549,37366819320206681306719,81132445606998336433818,23,23,23,118499264927205017740537,1656223006113623629,False,11
550,94482552425954301826256,37668504321994112539567,23,23,23,132151056747948414365823,4759684209368104743,False,12
551,43745648732778560592679,56409636432717717736098,23,23,23,100155285165496278328777,48363993634594533875,False,14
552,98475391046967991112806,18106800516100138659121,23,23,23,116582191563068129771927,47962427219026819200,False,9
553,85616792657912151502134,55093616311470803718893,23,23,23,140710408969382955221027,60187472981937952730,False,11
554,32797486873475183278122,40270965867791174491778,23,23,23,73068452741266357769900,47692001168895712880,False,14
555,79156597254629872914228,60257925135880632143714,23,23,23,139414522390510505057942,25574857997064428575,False,14
556,10702046436708022388315,41641211784916234781356,23,23,23,52343258221624257169671,17678807203747037572,False,9
557,29555172794356996103010,74829299971380996852645,23,23,23,104384472765737992955655,95244977385996853573,False,12
558,90649860999501298401083,66386728170190340411381,23,23,23,157036589169691638812464,55699299090379241684,False,9
559,90258707076568206853603,57156229984516472707352,23,23,23,147414937061084679560955,83896191182978741069,False,11
560,98959484842596419788071,19853642314045873557266,23,23,23,118813127156642293345337,48067733833580268154,False,16
561,78885507197151052988139,75529066908349591491325,23,23,23,154414574105500644479464,96231961221408880990,False,15
562,84080305051780209898928,38477163295975637769633,23,23,23,122557468347755847668561,88670518974321155381,False,12
563,43890882437127489280981,29829970955796876868708,23,23,23,73720853392924366149689,89148350785695686537,False,16
564,35539602644128845143049,15659315853584597897343,23,23,23,51198918497713443040392,44859709130002396860,False,13
565,26337579694896091439495,12985349487711650592014,23,23,23,39322929182607742031509,1989092081105294398945000043243,False,15
566,67469803941544143736246,48194855810661775306015,23,23,23,115664659752205919042261,49470944004127772898,False,12
567,55489842524457589806490,25267662906138002602842,23,23,23,80757505430595592409332,95108555915501502864,False,12
568,52706384350101245096991,26063143612320446410026,23,23,23,78769527962421691507017,27653834510369820580,False,5
569,89059636801808633139634,64089573837823587278797,23,23,23,153149210639632220418431,56392474159923613668,False,18
570,92826607797987986783881,41394704785123375651382,23,23,23,134221312583111362435263,92683761902094364136,False,19
571,11918511890897358588304,96770444692610980590423,23,23,23,108688956583508339178727,92353026099828796389,False,10
572,44931572447414327584009,80157839959077960555542,23,23,23,125089412406492288139551,55312186755966154343,False,13
573,53918972108859216824633,16933952016658982348869,23,23,23,70852924125518199173502,82041243395315687808,False,15
574,35763593434398719058574,27195738822164277407034,23,23,23,62959332256562996465608,49173641219842151299,False,11
575,51070873960490523554184,27084761536786161877958,23,23,23,78155635497276685432142,89760070341700724536,False,12
576,72868416972384562455326,82949323487134655850528,23,23,23,155817740459519218305854,96048009690219117356,False,13
577,14364709173716484694892,82996176465075127357754,23,23,23,97360885638791612052646,65307610072851678883,False,13
578,76600332961610867497754,49532540893768515377082,23,23,23,126132873855379382874836,44157761546270921037,False,11
579,95384882838398530700523,61132034484146424965990,23,23,23,156516917322544955666513,90417039846948200939,False,11
580,47570975296997921524314,68155969144139907445964,23,23,23,115726944441137828970278,20939065265231890928,False,14
581,84927941932412924285401,21310905280096709510634,23,23,23,106238847212509633796035,92228204340153627444,False,9
582,86591810200752740453967,79361211884979612087772,23,23,23,165953022085732352541739,28214585535079766463,False,13
583,85333857335138513877039,27936065545773536972411,23,23,23,113269922880912050849450,83418059651307870080,False,13
584,72302096885042119103798,92983732096678931220481,23,23,23,165285828981721050324279,70584225686911209203,False,11
585,56036386966482001272469,94975080379725901614784,23,23,23,151011467346207902887253,42742380903348313703,False,14
586,64903798013524466891081,78674356350079516879171,23,23,23,143578154363603983770252,82490806939526698939,False,13
587,64909632958630687336233,27237606715296355588978,23,23,23,92147239673927042925211,97087291634677925616,False,15
588,63667875437831473068729,92757480060784770225279,23,23,23,156425355498616243294008,32852393861557514106,False,14
589,34808968497837351902520,48426540997103465924941,23,23,23,83235509494940817827461,95418359008991133500,False,12
590,79068586736431173786972,38809782161336826198778,23,23,23,117878368897767999985750,86543284824754925587,False,10
591,17017408376513769015824,28623626418229873834923,23,23,23,45641034794743642850747,81888187246708679700,False,11
592,90132736271248180591589,93601540130030170440739,23,23,23,183734276401278351032328,98252231545726230775,False,9
593,36783015535907448113932,36241942517591563761446,23,23,23,73024958053499011875378,7399581703693283908,False,10
594,58641900243028340988458,68141949362456767585367,23,23,23,126783849605485108573825,95377663441616174142,False,12
595,54456108884700556531756,30158690409721101136419,23,23,23,84614799294421657668175,17530965287567697530,False,7
596,55167079660323606161204,92783480944757941975513,23,23,23,147950560605081548136717,53083611424062030435,False,12
597,91986625856840558518802,58711152669702290828786,23,23,23,150697778526542849347588,76913225220098841664,False,11
598,98073617468963905706118,26095203498599830056371,23,23,23,124168820967563735762489,62792493605941235172,False,11
599,50346716837940287088280,34327299200474518659084,23,23,23,84674016038414805747364,44077078361401463617,False,12
600,175001498521132995466428,456811392713967455097579,24,24,24,631812891235100450564007,16111643520385536929,False,16
601,647163892103577223732401,779278098254761756149188,24,24,24,1426441990358338979881589,39351577581766886849,False,10
602,941573647047138672986673,903331593336342574182366,24,24,24,1844905240383481247169039,61311015219912115908,False,13
603,928295256405664250047813,767494804041260723738446,24,24,24,1695790060446924973786259,54366545002055469190,False,9
604,345512353302514705180584,635635711770047967271732,24,24,24,981148065072562672452316,43828755556805913504,False,10
605,760810120002215890304272,337512960474142688874402,24,24,24,1098323080476358579178674,20181362100526206880,False,6
606,326029328845636393679641,988656654961135700985632,24,24,24,1314685983806772094665273,15319927501114901621,False,13
607,437417300426169057214787,257244920844550854754138,24,24,24,694662221270719911968925,74577474785327004975,False,10
608,663757043443789299053991,287159512348049430950557,24,24,24,950916555791838730004548,34891277582745200046,False,13
609,821587239404866257982596,693031483807500311044895,24,24,24,1514618723212366569027491,44960761360277713103,False,13
610,484277180220099322595552,182429656012297038072734,24,24,24,666706836232396360668286,11659935252568189904,False,9
611,587704926385579340811546,367410447439298279620195,24,24,24,955115373824877620431741,63170877472744599409,False,14
612,454903564779309005588162,674072461551261836616505,24,24,24,1128976026330570842204667,10391552268453283271,False,12
613,638780436868795249691938,876458589821227055411252,24,24,24,1515239026690022305103190,87975581580920299116,False,19
614,487988258904567573098396,566483355517716997518922,24,24,24,1054471614422284570617318,49815367356363587897,False,19
615,724863373189425254309191,553306055234871983717699,24,24,24,1278169428424297238026890,91987766765897656536,False,12
616,487237602822123992812880,750372674271491906241655,24,24,24,1237610277093615899054535,20813110225770070717,False,11
617,861032792261442070234708,750103946919361801548446,24,24,24,1611136739180803871783154,16041786867888585362,False,10
618,285882048556401232723111,966636507793275011509313,24,24,24,1252518556349676244232424,41009116541223325328,False,10
619,165597973113803431724312,404551948589825044571374,24,24,24,570149921703628476295686,13015101540477999419,False,10
620,592791092397862691433093,861877298787947604482781,24,24,24,1454668391185810295915874,83975707275987330335,False,15
621,570871900808934678584932,746560562139633649798743,24,24,24,1317432462948568328383675,89398807189572115320,False,14
622,807962904428620739420705,450379414791231087701040,24,24,24,1258342319219851827121745,94222120320138132051,False,10
623,577667026883310527417155,137256164475966970043542,24,24,24,714923191359277497460697,18180670633526200242,False,10
624,264862607593545500022781,759745024960617245045638,24,24,24,1024607632554162745068419,19360965062067902898,False,12
625,883317547265770825503189,248978513026917294738695,24,24,24,1132296060292688120241884,90070488384187976642,False,16
626,576416618787649076703135,353943499478456293056431,24,24,24,930360118266105369759566,17161555439643412872,False,14
627,880885829272738319284625,272209810856546431218946,24,24,24,1153095640129284750503571,28332027085987374158,False,15
628,238557079423673569619836,165759917137230749636404,24,24,24,404316996560904319256240,44282797320117997221,False,15
629,181436318747328955037340,338647339596240359592027,24,24,24,520083658343569314629367,74979577915664003366,False,12
630,911548423930717273942908,220941180514726709105611,24,24,24,1132489604445443983048519,19153243637798342712,False,9
631,484175461497652753869841,496945351929148672665311,24,24,24,981120813426801426535152,44708705553689071787,False,17
632,540647832445024561792032,105832281977243331562925,24,24,24,646480114422267893354957,44787544325352796240,False,9
633,960987419324308017710460,627238213755277412702334,24,24,24,1588225633079585430412794,91043872253419314466,False,9
634,986120334366297137733103,680240082229670105403194,24,24,24,1666360416595967243136297,63713007020426489258,False,7
635,469299661539467234540877,231572355282767998232603,24,24,24,700872016822235232773480,94242312255766470585,False,16
636,418228405545191270965028,857550342141156962964595,24,24,24,1275778747686348233929623,45853140762544824124,False,9
637,137716796338983780380697,799843310653385631945991,24,24,24,937560106992369412326688,63809483714505711890,False,15
638,766832027710049728299755,670733770182172800230981,24,24,24,1437565797892222528530736,778005108356852783,False,10
639,986413822444113144531162,261857100489755615763507,24,24,24,1248270922933868760294669,14111045222243210664,False,8
640,707089059600657026365017,388796002734404145652457,24,24,24,1095885062335061172017474,86060966960805956613,False,12
641,316567712560560150905044,784041217641626275203569,24,24,24,1100608930202186426108613,6168142141815819820,False,12
642,148853596916751442758180,689535093793664117540742,24,24,24,838388690710415560298922,14669251319913285928,False,13
643,382906081990696428693621,349984162170303294045792,24,24,24,732890244160999722739413,13169393645406958783,False,12
644,649637671978361924915691,148239092372685686924300,24,24,24,797876764351047611839991,89821671066598041179,False,12
645,730306216101222604607245,430636298321826134716945,24,24,24,1160942514423048739324190,17325387593690163183,False,9
646,557601991673704788837109,889845081764914658547424,24,24,24,1447447073438619447384533,12068653769770343219,False,15
647,590637577506622322765045,830452090520409054351646,24,24,24,1421089668027031377116691,67353748054608701679,False,10
648,378032381567208529933195,877908689199446187838918,24,24,24,1255941070766654717772113,75419188786133684796,False,17
649,290226272689243777542090,967174097474976938108054,24,24,24,1257400370164220715650144,99917242525839056845,False,17
650,499220951993045687213894,682107546719953329761475,24,24,24,1181328498712999016975369,46852548325673704872,False,12
651,294937642795499244270014,596749297287712977635306,24,24,24,891686940083212221905320,47847221294418873272,False,17
652,793304788330216046690782,262869275734806605600952,24,24,24,1056174064065022652291734,92196229865428838009,False,14
653,412214211904146418712536,724573181954101667527285,24,24,24,1136787393858248086239821,44415153057022488470,False,7
654,980070539573390609872613,442681868285169816313793,24,24,24,1422752407858560426186406,37190022085047742669,False,14
655,682305922336113266953565,272525034095432750859326,24,24,24,954830956431546017812891,63146761279306393304,False,10
656,928825570120266771582779,648217354772772174777851,24,24,24,1577042924893038946360630,91071589770072625588,False,14
657,259829701171402901714330,344622578688097484750924,24,24,24,604452279859500386465254,11119242263889131882,False,11
658,314482069740237302711605,843199056977689935253505,24,24,24,1157681126717927237965110,26079034809991005457,False,12
659,897148047432232514309167,829566920053051088517919,24,24,24,1726714967485283602827086,95145106407821817994,False,10
660,547765579151676392386763,943385940344907362499665,24,24,24,1491151519496583754886428,17102237553995136509,False,14
661,682858125579285163697739,560887633427204698820749,24,24,24,1243745759006489862518488,99565094182423316637,False,14
662,407694160856883252748162,381087167054051023383937,24,24,24,788781327910934276132099,18880210828158733970,False,10
663,757329005062280937320427,328504574503508145672709,24,24,24,1085833579565789082993136,23703854045807999765,False,7
664,242455396910505978689315,553365761806427761876188,24,24,24,795821158716933740565503,14010563262817404016,False,14
665,228857190052954523701814,887702278324964976202155,24,24,24,1116559468377919499903969,22573277126427045927,False,8
666,612054611387732568556697,839721182298776496126613,24,24,24,1451775793686509064683310,73958065126360004574,False,13
667,599560033745032526026426,774058486797629895655414,24,24,24,1373618520542662421681840,14500088496556384269,False,15
668,770844608445265750673131,516298329294432574165259,24,24,24,1287142937739698324838390,84755960759886588690,False,10
669,897025959309259764217222,377784866998967275906965,24,24,24,1274810826308227040124187,97787675724498294324,False,20
670,714538788125963518204949,509144837448080309299418,24,24,24,1223683625574043827504367,91595449924803879747,False,14
671,868730512220231485377644,210123453371795325499933,24,24,24,1078853965592026810877577,46472304572772937887,False,8
672,626333574485113571723058,418041496650663859348331,24,24,24,1044375071135777431071389,64618367979363745224,False,12
673,145648479437918855592956,842230585142935619422842,24,24,24,987879064580854475015798,94872928506183788277,False,11
674,697649425789995207004551,343847707482428887038187,24,24,24,1041497133272424094042738,67992087784402366957,False,17
675,824768589411149223206735,944372331567933209920388,24,24,24,1769140920979082433127123,16444290266974263727,False,13
676,534882656748227563150511,100344124363407898962971,24,24,24,635226781111635462113482,87820029448009100960,False,13
677,909560324474452834339156,808528472377362913696112,24,24,24,1718088796851815748035268,44910710318475363249,False,10
678,182949540888969461835499,764416491313311171687992,24,24,24,947366032202280633523491,89397679067093519108,False,17
679,833040890416447896500192,649771901985263226382775,24,24,24,1482812792401711122882967,45549795285147704038,False,13
680,592180807452583374876946,775337264470342848008693,24,24,24,1367518071922926222885639,24377747778513455473,False,13
681,241467102909217571864894,750300783519608824410521,24,24,24,991767886428826396275415,101197018268357305,False,7
682,780820939431829130144000,394110644154955436337969,24,24,24,1174931583586784566481969,84825260049430652352,False,7
683,133072466902913226785587,411678332641023914829214,24,24,24,544750799543937141614801,29164868789678263152,False,10
684,947677270515555798546909,481696342001596346708876,24,24,24,1429373612517152145255785,65898871252369105344,False,16
685,111760457008619397422809,418369260181048036743222,24,24,24,530129717189667434166031,84129080760066703499,False,10
686,914449556569644759742303,513443574334674462348332,24,24,24,1427893130904319222090635,99461900506797893964,False,14
687,527398403374682262702553,793577180906325825286955,24,24,24,1320975584281008087989508,43453562782258612798,False,12
688,925837602845308554204435,329900109845593780991338,24,24,24,1255737712690902335195773,48549360098234347247,False,12
689,392634267513016209629168,349976724807914070216032,24,24,24,742610992320930279845200,31032397880804558924,False,12
690,288587632211396218609101,244919589513212230927161,24,24,24,533507221724608449536262,11139974223242149370,False,11
691,683061882972206477197708,481324096041796036377718,24,24,24,1164385979014002513575426,93316720673074363741,False,14
692,717927483580663177064964,368499699574095499726263,24,24,24,1086427183154758676791227,44761299742045077251,False,16
693,611598297323870453405953,753751496792809311252277,24,24,24,1365349794116679764658230,13773348364849570589,False,11
694,929731973272387759808967,652704570434008738014312,24,24,24,1582436543706396497823279,21799009853408663013,False,11
695,110176869675307170170239,354780417408694932120152,24,24,24,464957287084002102290391,56000010408264517463,False,11
696,840809465641601629931885,326254106697764748504524,24,24,24,1167063572339366378436409,14118626709607851629,False,12
697,542377698644277125649278,612515091282766123562871,24,24,24,1154892789927043249212149,44512245522907238962,False,12
698,550095984217230403561226,584298131701820388917308,24,24,24,1134394115919050792478534,46853548782651437597,False,10
699,258541859218348133136480,929339343411563616901482,24,24,24,1187881202629911750037962,93171339745926816651,False,11
700,622514270103626453989954,337029240661473561611431,24,24,24,959543510765100015601385,41266661369104754957,False,11
701,111783884677217288301950,703972623401254024258156,24,24,24,815756508078471312560106,89382232629524962288,False,11
702,462727305279685272507476,581626921101812838537827,24,24,24,1044354226381498111045303,99893828579606206652,False,15
703,643830238493317881833069,414043544434343243786577,24,24,24,1057873782927661125619646,94812243679549229914,False,10
704,516034173093799769486207,246566977313713490750888,24,24,24,762601150407513260237095,24799670679157977795,False,17
705,885639006732834092920846,311003791147811581293089,24,24,24,1196642797880645674213935,23371316845648974701,False,9
706,717092900969723383586292,990401734460875219952606,24,24,24,1707494635430598603538898,99668261390049858798,False,11
707,446385833570584627109489,302598159944184671553486,24,24,24,748983993514769298662975,44056165280564900481,False,10
708,791063221617673318900298,295832094444009298303759,24,24,24,1086895316061682617204057,93752152059241543856,False,12
709,889434258006242022677571,423366082052730624824440,24,24,24,1312800340058972647502011,94122276097331842078,False,12
710,539049826201203747381947,729782669435285575963721,24,24,24,1268832495636489323345668,10787768023450717509,False,12
711,979819765174842556019719,404217468680081217980187,24,24,24,1384037233854923773999906,41493747162199081466,False,12
712,224522846695902735410425,763021604234487246480460,24,24,24,987544450930389981890885,49096261989810817724,False,6
713,733450068335442469316957,200645362132577280249172,24,24,24,934095430468019749566129,43806095333052416384,False,9
714,201921125313692019978675,377278717053254274708996,24,24,24,579199842366946294687671,11991975131927142258,False,9
715,252824384435566840837686,142483378649173681043218,24,24,24,395307763084740521880904,67856083551443206919,False,13
716,664792746809375261124692,753528867536840057971698,24,24,24,1418321614346215319096390,98790192599487691777,False,17
717,314029072843017433868722,651937606168138070667794,24,24,24,965966679011155504536516,74913497600298887500,False,11
718,682277880811427759861791,472189659315219840434992,24,24,24,1154467540126647600296783,17796991219759857796,False,15
719,466982399083945383868132,732649536455472886040904,24,24,24,1199631935539418269909036,38930334269207265673,False,13
720,746899076351426078261298,111036679794639090291025,24,24,24,857935756146065168552323,13710526405980422037,False,12
721,551715534863046089968052,577225332376161541455243,24,24,24,1128940867239207631423295,43639274336166961757,False,11
722,880956507784849320717562,557420747829910236882797,24,24,24,1438377255614759557600359,48181057636862393065,False,14
723,855973807826505749173964,841336089786101076205076,24,24,24,1697309897612606825379040,88742796957517066138,False,12
724,743085649735866053117891,599173853525638317479271,24,24,24,1342259503261504370597162,61430140757026397664,False,16
725,450084829299519415008419,650481038500440330752069,24,24,24,1100565867799959745760488,49950600050366292076,False,6
726,694789856948244039478296,123451726550395757197337,24,24,24,818241583498639796675633,89446353856666365308,False,13
727,126757647375491535950452,223648015152801446992682,24,24,24,350405662528292982943134,63956738386969210651,False,12
728,630025043762327480078779,381442125671324409114746,24,24,24,1011467169433651889193525,28254449362143437768,False,9
729,362561613336814733820414,476671819356729084713433,24,24,24,839233432693543818533847,13196663550536052409,False,10
730,196980625607765667081346,422173418972367534031638,24,24,24,619154044580133201112984,79685528090898469139,False,15
731,319543373898489808199865,561312804666157356627261,24,24,24,880856178564647164827126,90883613024013294627,False,13
732,964004321966897584097684,398808531693099139188601,24,24,24,1362812853659996723286285,69281588877888437703,False,13
733,905154651905182946674773,671613103782995325350364,24,24,24,1576767755688178272025137,69613538641761970567,False,10
734,291741417366111241620851,151000234222834341177479,24,24,24,442741651588945582798330,63811332839361301790,False,5
735,461254367810719063334108,905991073740388063091556,24,24,24,1367245441551107126425664,49073756733593979556,False,12
736,624876884239035419607510,302324166950587756400864,24,24,24,927201051189623176008374,98068117223856708628,False,13
737,393889636971594361581919,150783311540905480632841,24,24,24,544672948512499842214760,19115207037410637647,False,12
738,208185925943235402005400,704355138365909931672343,24,24,24,912541064309145333677743,49362395564940582359,False,10
739,172599469586149668980966,879233921305223835249728,24,24,24,1051833390891373504230694,69537093060497572580,False,17
740,381284952748695703927411,775021367865785370138606,24,24,24,1156306320614481074066017,88927051263081904317,False,16
741,125810554540692461470566,532988945505052649500616,24,24,24,658799500045745110971182,44918822048715052201,False,11
742,686680976955318660417555,775822986334997070573754,24,24,24,1462503963290315730991309,99573081772626430669,False,17
743,325614133823424435660321,491298748572863650510681,24,24,24,816912882396288086171002,47025828885763739286,False,10
744,823773339425122245613081,770389000928575828457426,24,24,24,1594162340353698074070507,14513273060642244229,False,12
745,643259472686113147625314,418369024828353283175431,24,24,24,1061628497514466430800745,15132274988824618562,False,11
746,871328023113048880262308,986926447183630545875499,24,24,24,1858254470296679426137807,31806006296879863077,False,11
747,540155119309366659312970,388684538630680686953880,24,24,24,928839657940047346266850,93474965015293334559,False,12
748,751575288438731693205428,329539984453582403223121,24,24,24,1081115272892314096428549,84860389637745607205,False,12
749,489987839272094478115805,489311909522301048648465,24,24,24,979299748794395526764270,95188293411599049472,False,10
750,180605979252343178295402,229407637377191401066115,24,24,24,410013616629534579361517,29868707157828090126,False,11
751,790296196905135810013762,569798658328446773089871,24,24,24,1360094855233582583103633,19160029783095723661,False,16
752,366838911065126377414696,185679921384948919944913,24,24,24,552518832450075297359609,60443963794383093912,False,15
753,196676288070579271486106,872416844064303652976975,24,24,24,1069093132134882924463081,77072731949714033004,False,15
754,956441638428826538821734,845835503175124910915603,24,24,24,1802277141603951449737337,44289955570355760022,False,12
755,728018674943228490627570,976664932632787184045750,24,24,24,1704683607576015674673320,39266444354888033681,False,14
756,736121085062866624608861,789119607229428452101948,24,24,24,1525240692292295076710809,29863955044568226469,False,12
757,532752804947455832285637,949333452543135935335273,24,24,24,1482086257490591767620910,69198875471308710617,False,12
758,318092026775759985312758,710133467660383542741347,24,24,24,1028225494436143528054105,67927493769220475774,False,14
759,825270607850497198896008,525934094321816028397269,24,24,24,1351204702172313227293277,82186211450008982452,False,16
760,598493222118581988776532,620560352247376475428397,24,24,24,1219053574365958464204929,91119005032800656151,False,13
761,358614970197037546094684,765203716121455147360817,24,24,24,1123818686318492693455501,65411765833682117388,False,11
762,640996008820759482781576,100228685956922899631577,24,24,24,741224694777682382413153,18765704699661454399,False,15
763,725750753195446799428017,463068938032291351199397,24,24,24,1188819691227738150627414,11475991274166920708,False,13
764,126237079038819759586943,433624536021668497289143,24,24,24,559861615060488256876086,89415987213831727016,False,12
765,529965203194086655858202,420348710764604397363884,24,24,24,950313913958691053222086,21487300189327399727,False,13
766,789670116034022022880971,193335623085093177391140,24,24,24,983005739119115200272111,14021315658287491332,False,12
767,949688199563403650822500,876434438140005469243221,24,24,24,1826122637703409120065721,35073664349469243244,False,13
768,796693094694443958993642,603548784482163545354971,24,24,24,1400241879176607504348613,45233578507969879530,False,17
769,113833741938594992386198,864281394560123437214935,24,24,24,978115136498718429601133,90954581345572099703,False,13
770,149778988676440394189008,782945319042378442390158,24,24,24,932724307718818836579166,81940925554370078587,False,13
771,366937258306409162695748,914369342548054438835013,24,24,24,1281306600854463601530761,43044184309083319951,False,15
772,795434783085957758984868,368475574985988764987738,24,24,24,1163910358071946523972606,44599571744309376517,False,22
773,278940691479492683591379,199784639903086067262514,24,24,24,478725331382578750853893,99982723352994393506,False,14
774,417402042311982072444748,706665423878402421013635,24,24,24,1124067466190384493458383,14620755857899497646,False,8
775,681388520897605671360234,689782955981886785980627,24,24,24,1371171476879492457340861,71721752259128768506,False,16
776,397684779782177121679553,421878558940421035678903,24,24,24,819563338722598157358456,96711168386381598969,False,13
777,796363189377181527243997,912083090166626481319135,24,24,24,1708446279543808008563132,93803299060360295947,False,13
778,330277131418110385073722,817953634711657107941570,24,24,24,1148230766129767493015292,88416518640330768759,False,9
779,522799146387508143869965,853373185306914080426567,24,24,24,1376172331694422224296532,76933745750634276741,False,15
780,928539193612679317420415,203741772648453039332230,24,24,24,1132280966261132356752645,26773719414590885963,False,11
781,850763095182016297593314,447791594822866470377844,24,24,24,1298554690004882767971158,21217722111914824533,False,12
782,234528494147106733068382,669625312422689196750690,24,24,24,904153806569795929819072,21028525344520479856,False,10
783,750408953380936838391346,760581664750897603638769,24,24,24,1510990618131834442030115,43753081050966525704,False,18
784,944744573166820317419561,555284429691438884921394,24,24,24,1500029002858259202340955,46073803395599440243,False,16
785,443350356278661311238542,942053084690837978272021,24,24,24,1385403440969499289510563,84846713082402599903,False,9
786,569839800069838885498973,901497588051688410722717,24,24,24,1471337388121527296221690,90476900575749559524,False,17
787,567286453652350491338600,560245891882948674575817,24,24,24,1127532345535299165914417,62312175353680164572,False,14
788,821855531483341203362200,325365496043245812341726,24,24,24,1147221027526587015703926,34333053690817768564,False,9
789,961332462430554826553338,399077794969453976372371,24,24,24,1360410257400008802925709,14853195727359757764,False,17
790,999913219837526140534058,519221044726854308691725,24,24,24,1519134264564380449225783,98706231309799235752,False,12
791,385542728451267075449611,411521711004330630307353,24,24,24,797064439455597705756964,14837021251741737976,False,4
792,283401690847185800448170,574927976141148922006550,24,24,24,858329666988334722454720,18600147426688725520,False,9
793,729502191992251489062036,840409473684761901416744,24,24,24,1569911665677013390478780,29695493755369782753,False,10
794,284662476290855132481848,477659647927872847138626,24,24,24,762322124218727979620474,18022279079731617398,False,16
795,349955812965551220708566,802417677124492872675968,24,24,24,1152373490090044093384534,66119257269538529796,False,16
796,952455191565449352086731,291069846104027619238531,24,24,24,1243525037669476971325262,55395569665935475654,False,11
797,322599044597565985997022,135652521800513364229118,24,24,24,458251566398079350226140,98259650235085361750,False,12
798,466728858441386938135565,869909804449323208594806,24,24,24,1336638662890710146730371,13982832549764336962,False,16
799,229075335046930818637126,131658020801857740144053,24,24,24,360733355848788558781179,93388913634509311155,False,6
800,3233240907551409342978092,4474555407921552800874333,25,25,25,7707796315472962143852425,40891745608125317211,False,10
801,9183353872232078036402240,7886233550108297509364684,25,25,25,17069587422340375545766924,46620769639217142568,False,10
802,5752976778668685331343253,2584042897015600015345720,25,25,25,8337019675684285346688973,8579149922267566635,False,9
803,8394163538157170589708852,9950249821063537756488686,25,25,25,18344413359220708346197538,15079964529979485390,False,16
804,7492806439591769221451777,8328766034895331456288071,25,25,25,15821572474487100677739848,89747061999265171133,False,13
805,9386359127891883435628492,7652605927105645833067047,25,25,25,17038965054997529268695539,89861621501289644870,False,11
806,5135063597409213819184505,1404532969426685740276022,25,25,25,6539596566835899559460527,13189555041251382934,False,7
807,6742943149076063139815311,7203188552179851771100627,25,25,25,13946131701255914910915938,15015085226983872238,False,11
808,8998350637988913203687333,9489358425853362584245781,25,25,25,18487709063842275787933114,98367187748919239324,False,15
809,1379629107787277123998510,5991677645830820249042247,25,25,25,7371306753618097373040757,28817167686264602537,False,14
810,4849603788848026719271703,8482539969907110770630955,25,25,25,13332143758755137489902658,84192827357500515921,False,14
811,3847447208269621611126183,1527556940183269400796723,25,25,25,5375004148452891011922906,89161254425631907731,False,13
812,5368551403260943384438407,5842062288900342977863930,25,25,25,11210613692161286362302337,94143343660743412858,False,15
813,6284525402811253801528908,4999704087839168608302422,25,25,25,11284229490650422409831330,21358950213042751500,False,14
814,5387727398355792623084521,7892181294213432057195065,25,25,25,13279908692569224680279586,78496428987168468353,False,10
815,4134254005279977630991281,9773541699996663395148970,25,25,25,13907795705276641026140251,99571098515307045861,False,17
816,7830204247167461435658019,4510168839381552766633559,25,25,25,12340373086549014202291578,46203939633711079164,False,14
817,6322612073671839571717958,8430146408629616272963082,25,25,25,14752758482301455844681040,13830741503159846083,False,13
818,7378586578787284138856005,2567957568188256171334283,25,25,25,9946544146975540310190288,28289853826723550950,False,16
819,1496248997284677092341177,3993469524049957688554670,25,25,25,5489718521334634780895847,38183271155451893403,False,15
820,2136913064004207140353736,7021017330829206339065575,25,25,25,9157930394833413479419311,24530127572066135694,False,7
821,9273023408530464405297903,8809217768502761787688069,25,25,25,18082241177033226192985972,43123058749620469061,False,14
822,6695122638724905774192780,5388286276288007933989134,25,25,25,12083408915012913708181914,19181725775639547122,False,17
823,6803836391423077124399486,9531808115692567150904581,25,25,25,16335644507115644275304067,8187611044017900690,False,14
824,2433831933057277580669268,4375507961903175763012502,25,25,25,6809339894960453343681770,25231969252507456367,False,10
825,7450790107354499382546032,6834628375431838185677384,25,25,25,14285418482786337568223416,44958749304406825640,False,13
826,1474193620987865903027424,7500045291874501997473754,25,25,25,8974238912862367900501178,24151109057474245668,False,12
827,8247125403506383685353176,8432582286799818759917616,25,25,25,16679707690306202445270792,34360335375526805905,False,15
828,4664886541858261180256449,8335201455187882493664989,25,25,25,13000087997046143673921438,45111157557983548824,False,16
829,2301242011997341180433847,9311691417966820368116253,25,25,25,11612933429964161548550100,49711010188136106464,False,11
830,6074061291121198997761433,3021812879755364384926986,25,25,25,9095874170876563382688419,14079622027818257834,False,11
831,8002817247501101359531577,7835809698276465428560721,25,25,25,15838626945777566788092298,78102556053196238788,False,8
832,4060902330006877738188154,6562440899743819771745424,25,25,25,10623343229750697509933578,85877521920214414322,False,12
833,5800849310930812732054446,7110958594102479421141107,25,25,25,12911807905033292153195553,94411358067188513118,False,10
834,9546269167587816002538775,7853025056571881987113997,25,25,25,17399294224159697989652772,78861597537543891957,False,12
835,1231969987263754934917986,8705530131951958475587258,25,25,25,9937500119215713410505244,87890158914232375556,False,19
836,1439980930613017491887150,6420010346898093562357967,25,25,25,7859991277511111054245117,1761009098562523800,False,13
837,7673426974561387184885714,8642306295471955124989956,25,25,25,16315733270033342309875670,61882928701578876155,False,18
838,6319220234148392313252223,1059301984707105572826151,25,25,25,7378522218855497886078374,35327032337804037139,False,5
839,8005933131062892116015362,2698591542787216403348628,25,25,25,10704524673850108519363990,88333803570625370712,False,11
840,9919744863236088602661687,9860588759144752216485897,25,25,25,19780333622380840819147584,98022807419993483762,False,17
841,5656735471672789010314960,5454826476631434721715546,25,25,25,11111561948304223732030506,84256647400786371273,False,16
842,5003511885040479630491998,1541813018457904832029896,25,25,25,6545324903498384462521894,48974317887083040907,False,11
843,1181027784937573636380641,7629678237477302158012542,25,25,25,8810706022414875794393183,74813144017265783670,False,12
844,2443992118810080661689974,1301490647296746514561638,25,25,25,3745482766106827176251612,81767405690965679052,False,13
845,9147254183427228506981322,6857866347078993684789737,25,25,25,16005120530506222191771059,24163675359906458581,False,20
846,9361837457039273993600649,3981524214615464728834352,25,25,25,13343361671654738722435001,43487936109632170540,False,15
847,1839463617108343886240450,3298332916325203834762651,25,25,25,5137796533433547721003101,18864951618388095475,False,13
848,3926851739524085619053317,3923837068820099238261103,25,25,25,7850688808344184857314420,14189753475966601031,False,11
849,1361662897225847500740989,9833411595194186772333924,25,25,25,11195074492420034273074913,89435294276663732763,False,16
850,8727692040579681683562056,5836236480780664809967770,25,25,25,14563928521360346493529826,84162146731475526159,False,15
851,5675860832406862153504253,6064219217523616906297840,25,25,25,11740080049930479059802093,88878124150241954051,False,12
852,9431522848428947676265450,7544803638112327903106223,25,25,25,16976326486541275579371673,49474778902909883826,False,9
853,5442732963731610577761815,9363932948740749104053033,25,25,25,14806665912472359681814848,13059407414659046877,False,10
854,1425841838785933627652287,6747596823380965730724160,25,25,25,8173438662166899358376447,94766833232387391997,False,12
855,1446243141727416993787355,8410048250628821238477437,25,25,25,9856291392356238232264792,14762902186793959652,False,11
856,4018860552892100839667213,3029508793242247230110372,25,25,25,7048369346134348069777585,19902208397568340473,False,7
857,3675594833662191069735901,8473944056410875889924664,25,25,25,12149538890073066959660565,9247345820808710563,False,14
858,2523205752879642617621139,1147539170523215412662589,25,25,25,3670744923402858030283728,17812145510528789165,False,11
859,6313129924059163684710782,2369048558203273294133798,25,25,25,8682178482262436978844580,28124743062116356128,False,10
860,4011450730976201441586509,4276084419494690437385176,25,25,25,8287535150470891878971685,21621186235991926073,False,9
861,5552675418956245133723569,1487984181682614120098757,25,25,25,7040659600638859253822326,15373007160081204827,False,14
862,5124509096066606755599406,7815226686661779512404010,25,25,25,12939735782728386268003416,72292717736170175523,False,11
863,8905819471835140137426004,8334825975992065868809538,25,25,25,17240645447827206006235542,14117577611317698365,False,16
864,1898617122000531191669696,9894684304959643508474120,25,25,25,11793301426960174700143816,94867026309374469468,False,15
865,7619859644239617061890573,8413077014864111884344867,25,25,25,16032936659103728946235440,78611927889267828681,False,14
866,3164410852992248578068442,9662699135156905763860920,25,25,25,12827109988149154341929362,9383023622688856039,False,13
867,7766250661759799300925244,4194730089566139879380824,25,25,25,11960980751325939180306068,44790086384323821672,False,15
868,1632170477680781098302912,4398925358444169277702984,25,25,25,6031095836124950376005896,88130249324512246270,False,14
869,3729826125736187783291732,6845779627778333335867560,25,25,25,10575605753514521119159292,18723057060068431938,False,17
870,7908025588887972436707651,4151609751705860718481737,25,25,25,12059635340593833155189388,98674722471832929442,False,14
871,4876462643366738211767151,3307363268884761127247191,25,25,25,8183825912251499339014342,75890051372388779463,False,13
872,4712047208194404391122938,3013948016058176775998926,25,25,25,7725995224252581167121864,49417147565159329728,False,12
873,4309563324623815192133815,3283941081750896667663647,25,25,25,7593504406374711859797462,14801963208221996524,False,11
874,7885172163187986265483397,5706407037781590247604456,25,25,25,13591579200969576513087853,99012555967923154668,False,13
875,1944446642646605368130182,2703841729158066461481554,25,25,25,4648288371804671829611736,65307131317683808166,False,10
876,2051715255808516603104848,6768090527800459978964769,25,25,25,8819805783608976582069617,40087000568866631321,False,11
877,7384725169765165390504056,3104609148152805894999169,25,25,25,10489334317917971285503225,25108152872558334083,False,14
878,7391651954192857963681912,6137998429497559832792131,25,25,25,13529650383690417796474043,69268887542048350983,False,16
879,5324665341593435764040493,7591228365509647071130917,25,25,25,12915893707103082835171410,74701923681407406428,False,13
880,9831983674208320090907263,9883201247349800844104447,25,25,25,19715184921558120935011710,90567361023178003227,False,13
881,6635777109485376042670275,9197832756203171454067616,25,25,25,15833609865688547496737891,99016470767807056366,False,9
882,9714672986494308099695462,1513833464023906219441256,25,25,25,11228506450518214319136718,19865953330540562705,False,15
883,3729359246876455998926935,3275111308843822067035725,25,25,25,7004470555720278065962660,47768672777620365765,False,15
884,7883851141375499418078048,4690260195181981773758474,25,25,25,12574111336557481191836522,47583959587218204583,False,16
885,5592670624139314109925601,6371695346436485580194925,25,25,25,11964365970575799690120526,4058362650696461739,False,11
886,2491980357318066580212589,9440584405159171835116040,25,25,25,11932564762477238415328629,91065104416794314895,False,10
887,7270824397384945545799160,7976358350747337710988587,25,25,25,15247182748132283256787747,89995597515728766396,False,16
888,2313149743178539603588759,7211390195766657236631780,25,25,25,9524539938945196840220539,77726155364094403956,False,12
889,7725402294530104403022352,5117164417764464252413035,25,25,25,12842566712294568655435387,14510087808477968197,False,5
890,6339104301205453275726874,4720735028290340579718004,25,25,25,11059839329495793855444878,74470825596024164022,False,6
891,6847072304701448544845912,5817875938022793914281626,25,25,25,12664948242724242459127538,45383468636129439559,False,13
892,6282205364115937048701614,1323618000687287516255224,25,25,25,7605823364803224564956838,61970487932957366236,False,8
893,2094452124968360372022966,2374173229930604755447260,25,25,25,4468625354898965127470226,34003153581621660082,False,9
894,6061585102814816106892879,1855405223258449679319100,25,25,25,7916990326073265786211979,71080965304800430302,False,10
895,7419277705159985748713176,1755166697799491933536146,25,25,25,9174444402959477682249322,10675665658598655133,False,16
896,6174520964168697506782539,5534615720606021261823472,25,25,25,11709136684774718768606011,66216271566787374694,False,11
897,4206205230452515435144129,3849372601220925943087957,25,25,25,8055577831673441378232086,35115282157177426977,False,9
898,9925396154518881623024621,3940793764687107229398259,25,25,25,13866189919205988852422880,88641009568340736367,False,12
899,6591438217941531848462062,1499234802268547161048806,25,25,25,8090673020210079009510868,19343134501382165776,False,14
900,1797996644131784308342842,1743357772540374146309348,25,25,25,3541354416672158454652190,44443377761368526111,False,14
901,3717401228961863921700716,3485124292816152107983083,25,25,25,7202525521778016029683799,81154926228863315372,False,10
902,9802254537452910336543852,2461696738452062290722604,25,25,25,12263951275904972627266456,59653118627512846211,False,10
903,3526672218067269531379155,3284347032638567407139925,25,25,25,6811019250705836938519080,24231745732961771077,False,13
904,9336886585511688259478724,2403040305135542836352395,25,25,25,11739926890647231095831119,81983123249238576211,False,12
905,4993793760609136438212310,3301275284866974120071886,25,25,25,8295069045476110558284196,19122818279183404584,False,11
906,8102302274026118884013352,1525406530230994847555235,25,25,25,9627708804257113731568587,18148344331068666088,False,7
907,5487671649701507959499032,3914649688807054870061991,25,25,25,9402321338508562829561023,18107756156093396708,False,17
908,7824219557905483557412857,3539959392885661035636936,25,25,25,11364178950791144593049793,44877796558791971971,False,15
909,9967539470572622633858240,4694522182361756175462916,25,25,25,14662061652934378809321156,49804817310179909075,False,14
910,6138357490532731088330283,6904257340715819300032721,25,25,25,13042614831248550388363004,3070549197136101021,False,11
911,8759517141041957594994613,7328418519166948439796453,25,25,25,16087935660208906034791066,74475115795797474872,False,16
912,8244768277687099064138114,7498118953329496294844409,25,25,25,15742887231016595358982523,78143392637769619398,False,15
913,6296176682834841020859524,1081971294923295257083197,25,25,25,7378147977758136277942721,88180988858601095275,False,11
914,6080032205938857618151796,5312898303156221111806688,25,25,25,11392930509095078729958484,89115044098727367816,False,9
915,3436192928746153739683573,1229201423075644487346452,25,25,25,4665394351821798227030025,14162963059819362935,False,13
916,7350302607296840773788919,3097004384312031536940232,25,25,25,10447306991608872310729151,89927685977490270801,False,11
917,6848168625488691526986447,7348250993991433542801940,25,25,25,14196419619480125069788387,19790659290109575938,False,14
918,3450099946922423577107290,7387747151654215184079181,25,25,25,10837847098576638761186471,9475424793186851461,False,10
919,3673025362330472200651742,7694755575916299923273796,25,25,25,11367780938246772123925538,43045957056659949730,False,12
920,1715655838290046489107215,1603370440237540689334258,25,25,25,3319026278527587178441473,19089167746240449762,False,10
921,1580869449585823809330245,8860931594128397583510730,25,25,25,10441801043714221392840975,88023057759239399668,False,16
922,5755627242610545125851958,2940762179900622157604361,25,25,25,8696389422511167283456319,21556466147979826467,False,10
923,2048669583957282005082810,8434490556465677769954723,25,25,25,10483160140422959775037533,15336045451770842377,False,16
924,2027587746120540481185051,7918920679191328847872525,25,25,25,9946508425311869329057576,78111301329965651353,False,11
925,1680981349352516338099400,3423620444219499796996865,25,25,25,5104601793572016135096265,75957109449800331734,False,16
926,2439629981970464147363329,1008386633910412246134434,25,25,25,3448016615880876393497763,44091087045167246596,False,9
927,7770511274037866107580015,4784716722107287275031459,25,25,25,12555227996145153382611474,83583747233819478706,False,11
928,4906401249357337998088304,8552756084758594364611319,25,25,25,13459157334115932362699623,32423536950809496308,False,14
929,8542058637262542830005713,6486045476589921894970147,25,25,25,15028104113852464724975860,12118595677240637026,False,14
930,4874504371201783548922235,1876877915959915642714999,25,25,25,6751382287161699191637234,10604178793203836917,False,15
931,5445367244176246380744925,3804306620407988269944215,25,25,25,9249673864584234650689140,27878042944825282377,False,11
932,2847269139933905508928745,4772870061925900155536453,25,25,25,7620139201859805664465198,43962754655720976558,False,13
933,9561264617253535516163870,8111615301414656896048070,25,25,25,17672879918668192412211940,5832031361904935180,False,9
934,1245308364624175978219006,6734631497202863244890422,25,25,25,7979939861827039223109428,14167043879911457710,False,9
935,8666892274156243182306528,3976191110884324462927460,25,25,25,12643083385040567645233988,64332085887387357571,False,12
936,1158789496130500046186240,1542119173543727980060953,25,25,25,2700908669674228026247193,18674119879990186524,False,10
937,3047221837467722074512608,7453882176750829413751081,25,25,25,10501104014218551488263689,78798734017151525308,False,13
938,3253298922389768991247622,1356650678704223987743398,25,25,25,4609949601093992978991020,89429765776209866775,False,14
939,5557342262036629603582151,6980543596879930812325881,25,25,25,12537885858916560415908032,6225221065967786703,False,12
940,2262488685657642121048074,7118714399706500404441134,25,25,25,9381203085364142525489208,74051817544851217023,False,11
941,1940964609583213841217331,2650810402283915313709921,25,25,25,4591775011867129154927252,8625095125525932039,False,9
942,6754268070287693988946225,3133248181257875075022659,25,25,25,9887516251545569063968884,18880196322528354487,False,11
943,8848542423923245807579606,8136823592703592893335255,25,25,25,16985366016626838700914861,88043462268667814077,False,13
944,7616108784048045279733905,2328175643104274986210022,25,25,25,9944284427152320265943927,4071977730508632798,False,10
945,6735960570411109308461135,1611441968018659127791805,25,25,25,8347402538429768436252940,13100885025188908722,False,10
946,5015132289416239258277978,4577721963997970984952167,25,25,25,9592854253414210243230145,43183875879869398136,False,19
947,6628635201422398825922083,1966814763905695307480637,25,25,25,8595449965328094133402720,83259524739538597502,False,13
948,5709672902455854758910272,1069857936936218045070499,25,25,25,6779530839392072803980771,84794647395766081554,False,13
949,6742206751756894425906829,5025453725688130119196386,25,25,25,11767660477445024545103215,24591253660044746607,False,15
950,7187999832519210334349979,5356189815511951546840680,25,25,25,12544189648031161881190659,21028960947002292357,False,15
951,6904750657621741038642200,6766784932823808624133351,25,25,25,13671535590445549662775551,62660607853229791383,False,10
952,1851297875418751414782974,8568677445886224324600262,25,25,25,10419975321304975739383236,71201565101770485827,False,14
953,6393828051455108820864277,2136452102132118070679178,25,25,25,8530280153587226891543455,18283198785742907278,False,10
954,3120702401420304661038702,7058791960881632806100025,25,25,25,10179494362301937467138727,30300994510533170096,False,6
955,2089763426383166608633458,7627272262216699465356259,25,25,25,9717035688599866073989717,78322299034322033221,False,10
956,7481211137109942419558097,1522523267974408451673328,25,25,25,9003734405084350871231425,95117893036222789354,False,14
957,3431215100215264595651739,8786972347631864827368747,25,25,25,12218187447847129423020486,23313187582632556520,False,14
958,1507336013795948213524302,2701076417311422015583897,25,25,25,4208412431107370229108199,99458634757226704897,False,11
959,2122512321926417433295823,3275680647205576847382790,25,25,25,5398192969131994280678613,44070555509180815553,False,9
960,8225371959059272698424673,4149835016126340482348361,25,25,25,12375206975185613180773034,9294951795817888373,False,13
961,1948406654899084819523270,4990376393582756653943290,25,25,25,6938783048481841473466560,89170505622659391289,False,14
962,1711126054551050490249642,5684911938703067706478917,25,25,25,7396037993254118196728559,65059743580032035763,False,9
963,9973976044521634374803214,2722104186101354297808476,25,25,25,12696080230622988672611690,64819805199730033664,False,11
964,7961680530025644741585329,4468073331565537839555336,25,25,25,12429753861591182581140665,64975673877704002175,False,13
965,1310387262427229270636945,1576913964194340057429391,25,25,25,2887301226621569328066336,29185863285612541354,False,12
966,5502386323241440503769121,2655750569435971742690735,25,25,25,8158136892677412246459856,24154802571865110481,False,9
967,6838012562472418111369938,8684577657540765437609004,25,25,25,15522590220013183548978942,84068607731286395739,False,14
968,9288148153515126997331591,9338675215473953113023375,25,25,25,18626823368989080110354966,11944739508325216486,False,11
969,3699966232817580279916974,5140440514027063491331671,25,25,25,8840406746844643771248645,61092137908036886283,False,11
970,6604257987276443835017931,9970040904970175702344636,25,25,25,16574298892246619537362567,97340577005619335438,False,10
971,1427724289297279033219225,5551881513164987326089497,25,25,25,6979605802462266359308722,99226387252881645808,False,13
972,5635212891044430084544506,7737632653515007673865440,25,25,25,13372845544559437758409946,47083959564340542518,False,8
973,1803599948737026401697838,1120157536002020984029280,25,25,25,2923757484739047385727118,8057109598865150403,False,9
974,3860709235624682127452649,5640168085136826714164374,25,25,25,9500877320761508841617023,64266795515629720387,False,13
975,9297317063139352642306899,6644809705281881402276302,25,25,25,15942126768421234044583201,33052543770288436314,False,14
976,2340686703632000648545394,4920407254814438825099803,25,25,25,7261093958446439473645197,4251677785189549608,False,9
977,7807724124915849584094934,9321104915876300053718875,25,25,25,17128829040792149637813809,81861721244999708789,False,12
978,4219670559237364214406793,3868432413443743713748251,25,25,25,8088102972681107928155044,33764449521547086583,False,12
979,6923765036539570317146937,8683725153851492938876665,25,25,25,15607490190391063256023602,53720629470697764500,False,18
980,4246643205736644520322821,1530121281299156701991317,25,25,25,5776764487035801222314138,64933521367813102536,False,9
981,4535768287856975134870960,1395306699751855344410026,25,25,25,5931074987608830479280986,69571658831954525780,False,12
982,6404299227717543367955231,6423307100223413907790262,25,25,25,12827606327940957275745493,68642560986118354329,False,8
983,3307915222912077388795489,7277115508403523807441241,25,25,25,10585030731315601196236730,1573275569605215113,False,14
984,8358844229249042652068467,4411214719112524732973326,25,25,25,12770058948361567385041793,44855229140458417445,False,10
985,1612857182970514660065080,5375444935381816630622545,25,25,25,6988302118352331290687625,17441347461186279381,False,11
986,6144275060544840935450747,6153463670683640642510002,25,25,25,12297738731228481577960749,84510239278419076608,False,7
987,8736183873980440547600799,7704449679013735531663405,25,25,25,16440633552994176079264204,88155774733289430436,False,14
988,5428286348636514912814274,4778448067500842883341772,25,25,25,10206734416137357796156046,18519243090327789578,False,14
989,1744196196073777400925266,3668748844776021567690484,25,25,25,5412945040849798968615750,14690748288231027159,False,13
990,9462409726525454764959330,3835357216411194880240717,25,25,25,13297766942936649645200047,44672859572284579668,False,11
991,5063252265862604788978987,7235013105247498451079160,25,25,25,12298265371110103240058147,68714056366218851160,False,16
992,1213116395497167658567564,3246938902730053300117280,25,25,25,4460055298227220958684844,19158595539745349581,False,10
993,7342126063155024501275706,4155846596989823211511028,25,25,25,11497972660144847712786734,12112566589934952943,False,8
994,6486122637082527342261218,8634109371560992812024054,25,25,25,15120232008643520154285272,68894887204689906885,False,13
995,3193304219910996736438990,9177308273299227035301003,25,25,25,12370612493210223771739993,90970877060094492070,False,12
996,5409441162325771254374814,6983020041723923177041520,25,25,25,12392461204049694431416334,14113561623632703621,False,10
997,2695974709132357756645228,7700921974328711855370437,25,25,25,10396896683461069612015665,3360994235722743302,False,13
998,1397990660134487678475550,6556460303622351620663529,25,25,25,7954450963756839299139079,44791499906626216155,False,9
999,2784341926753293667273671,7838993167433434784927693,25,25,25,10623335094186728452201364,4393820700491704927,False,18
